# Matter power spectrum P(k) at redshift z=0
# for k=1.05281e-05 to 7.52753 h/Mpc,
# number of wavenumbers equal to 698
#    1:k (h/Mpc)              2:P (Mpc/h)^3        
       1.052808673426e-05       4.927704916601e+01 
       2.352858924850e-05       1.068021548501e+02 
       3.657561012704e-05       1.632553984531e+02 
       4.970490954058e-05       2.192744222130e+02 
       6.295284960798e-05       2.752190609630e+02 
       7.635672464984e-05       3.313572633583e+02 
       8.995510218379e-05       3.879172438039e+02 
       1.037881792750e-04       4.451085515996e+02 
       1.178981588899e-04       5.031329389103e+02 
       1.323296509351e-04       5.621911246195e+02 
       1.471301026669e-04       6.224871815464e+02 
       1.623502630831e-04       6.842321943398e+02 
       1.780446857044e-04       7.476469642589e+02 
       1.942722737312e-04       8.129650487498e+02 
       2.110968708146e-04       8.804353742242e+02 
       2.285878994669e-04       9.503244923993e+02 
       2.468210472554e-04       1.022919549478e+03 
       2.658789981420e-04       1.098530616682e+03 
       2.858522023285e-04       1.177493410352e+03 
       3.068396723921e-04       1.260171779865e+03 
       3.289497859130e-04       1.346960098601e+03 
       3.523010647711e-04       1.438285411402e+03 
       3.770228884296e-04       1.534609061263e+03 
       4.032560825723e-04       1.636427824845e+03 
       4.311533055425e-04       1.744273598474e+03 
       4.608791338532e-04       1.858712317674e+03 
       4.926097263128e-04       1.980340556985e+03 
       5.265319271458e-04       2.109780004868e+03 
       5.628416567827e-04       2.247669051810e+03 
       6.017414415631e-04       2.394651047308e+03 
       6.434369587909e-04       2.551358932361e+03 
       6.881325299149e-04       2.718396139368e+03 
       7.360255881959e-04       2.896314146179e+03 
       7.873002779907e-04       3.085587458199e+03 
       8.421205003064e-04       3.286587525697e+03 
       9.006228800244e-04       3.499557561367e+03 
       9.629102586023e-04       3.724590612375e+03 
       1.029046371625e-03       3.961613496841e+03 
       1.099052320508e-03       4.210378606720e+03 
       1.172905281518e-03       4.470465786915e+03 
       1.250539634497e-03       4.741292227871e+03 
       1.331850389704e-03       5.022133522450e+03 
       1.416698510612e-03       5.312190295127e+03 
       1.504917533074e-03       5.610529174676e+03 
       1.596320800420e-03       5.916157468635e+03 
       1.690708669444e-03       6.228076338548e+03 
       1.787875165225e-03       6.545290640926e+03 
       1.887613730830e-03       6.866831090618e+03 
       1.989721890091e-03       7.191771142171e+03 
       2.094004788356e-03       7.519239144475e+03 
       2.200277682713e-03       7.848426712108e+03 
       2.308367517734e-03       8.178592096961e+03 
       2.418113751445e-03       8.509061830579e+03 
       2.529368598707e-03       8.839229278151e+03 
       2.641996845201e-03       9.168552057387e+03 
       2.755875362810e-03       9.496547096821e+03 
       2.870892432241e-03       9.822786232424e+03 
       2.986946954714e-03       1.014689960163e+04 
       3.103947613398e-03       1.046855368272e+04 
       3.221812027837e-03       1.078746311625e+04 
       3.340465930702e-03       1.110337567729e+04 
       3.459842385662e-03       1.141607864000e+04 
       3.579881057369e-03       1.172538406103e+04 
       3.700527538939e-03       1.203113110535e+04 
       3.821732738472e-03       1.233318550449e+04 
       3.943452323554e-03       1.263142909768e+04 
       4.065646221063e-03       1.292576497061e+04 
       4.188278168679e-03       1.321611522138e+04 
       4.311315313972e-03       1.350240886639e+04 
       4.434727856837e-03       1.378459589042e+04 
       4.558488731065e-03       1.406263293733e+04 
       4.682573321059e-03       1.433648546486e+04 
       4.806959209934e-03       1.460610933625e+04 
       4.931625955575e-03       1.487152914131e+04 
       5.056554891509e-03       1.513273400611e+04 
       5.181728949793e-03       1.538966325031e+04 
       5.307132503374e-03       1.564242538507e+04 
       5.432751225699e-03       1.589101150808e+04 
       5.558571965559e-03       1.613532053438e+04 
       5.684582635425e-03       1.637549013491e+04 
       5.810772111707e-03       1.661140952184e+04 
       5.937130145567e-03       1.684321074583e+04 
       6.063647283080e-03       1.707092586842e+04 
       6.190314793671e-03       1.729440817636e+04 
       6.317124605899e-03       1.751391202764e+04 
       6.444069249759e-03       1.772959961495e+04 
       6.571141804772e-03       1.794087923979e+04 
       6.698335853232e-03       1.814853197527e+04 
       6.825645438037e-03       1.835203767097e+04 
       6.953065024609e-03       1.855156154247e+04 
       7.080589466470e-03       1.874731232026e+04 
       7.208213974067e-03       1.893927567428e+04 
       7.335934086534e-03       1.912745784135e+04 
       7.463745646050e-03       1.931178056573e+04 
       7.591644774551e-03       1.949234760289e+04 
       7.719627852549e-03       1.966931554377e+04 
       7.847691499835e-03       1.984254463500e+04 
       7.975832557900e-03       2.001219827199e+04 
       8.104048073873e-03       2.017827768789e+04 
       8.232335285865e-03       2.034073846413e+04 
       8.360691609549e-03       2.049980377373e+04 
       8.489114625883e-03       2.065530533359e+04 
       8.617602069851e-03       2.080739205424e+04 
       8.746151820137e-03       2.095612820480e+04 
       8.874761889647e-03       2.110145375606e+04 
       9.003430416790e-03       2.124346840563e+04 
       9.132155657464e-03       2.138217136657e+04 
       9.260935977668e-03       2.151763526399e+04 
       9.389769846707e-03       2.164989699970e+04 
       9.518655830914e-03       2.177898488294e+04 
       9.647592587857e-03       2.190493009549e+04 
       9.776578860994e-03       2.202775440083e+04 
       9.905613474729e-03       2.214749961029e+04 
       1.003469532983e-02       2.226422567312e+04 
       1.016382339922e-02       2.237792086108e+04 
       1.029299672401e-02       2.248873239491e+04 
       1.042221440992e-02       2.259645764321e+04 
       1.055147562387e-02       2.270135919443e+04 
       1.068077959088e-02       2.280339358317e+04 
       1.081012559114e-02       2.290258402974e+04 
       1.093951295736e-02       2.299899118142e+04 
       1.106894107222e-02       2.309257699785e+04 
       1.119840936608e-02       2.318344880554e+04 
       1.132791731481e-02       2.327157930165e+04 
       1.145746443775e-02       2.335707349807e+04 
       1.158705029591e-02       2.343990285045e+04 
       1.171667449017e-02       2.352011965263e+04 
       1.184633665969e-02       2.359774714601e+04 
       1.197603648040e-02       2.367284687571e+04 
       1.210577366362e-02       2.374534380792e+04 
       1.223554795473e-02       2.381542361507e+04 
       1.236535913201e-02       2.388301260593e+04 
       1.249520700545e-02       2.394824347455e+04 
       1.262509141578e-02       2.401089262173e+04 
       1.275501223345e-02       2.407127013061e+04 
       1.288496935775e-02       2.412926236914e+04 
       1.301496271599e-02       2.418493746994e+04 
       1.314499226272e-02       2.423834198797e+04 
       1.327505797901e-02       2.428946649638e+04 
       1.340515987180e-02       2.433832597453e+04 
       1.353529797330e-02       2.438499306220e+04 
       1.366547234042e-02       2.442946768790e+04 
       1.379568305429e-02       2.447178567868e+04 
       1.392593021973e-02       2.451193317398e+04 
       1.405621396487e-02       2.455004200611e+04 
       1.418653444076e-02       2.458607493521e+04 
       1.431689182101e-02       2.461995545091e+04 
       1.444728630145e-02       2.465191127071e+04 
       1.457771809988e-02       2.468184544707e+04 
       1.470818745581e-02       2.470981601518e+04 
       1.483869463022e-02       2.473573894044e+04 
       1.496923990539e-02       2.475978557191e+04 
       1.509982358472e-02       2.478190744253e+04 
       1.523044599259e-02       2.480216680607e+04 
       1.536110747427e-02       2.482055495474e+04 
       1.549180839581e-02       2.483714440560e+04 
       1.562254914397e-02       2.485184612542e+04 
       1.575333012620e-02       2.486479896980e+04 
       1.588415177062e-02       2.487601373175e+04 
       1.601501452598e-02       2.488548190284e+04 
       1.614591886173e-02       2.489325465845e+04 
       1.627686526807e-02       2.489929614084e+04 
       1.640785425596e-02       2.490368284040e+04 
       1.653888635724e-02       2.490651296563e+04 
       1.666996212473e-02       2.490753773708e+04 
       1.680108213232e-02       2.490705440146e+04 
       1.693224697516e-02       2.490494773205e+04 
       1.706345726977e-02       2.490132196234e+04 
       1.719471365421e-02       2.489622922473e+04 
       1.732601678832e-02       2.488947343133e+04 
       1.745736735386e-02       2.488128715949e+04 
       1.758876605479e-02       2.487160150047e+04 
       1.772021361748e-02       2.486051307148e+04 
       1.785171079099e-02       2.484793524473e+04 
       1.798325834731e-02       2.483397473437e+04 
       1.811485708169e-02       2.481862370095e+04 
       1.824650781291e-02       2.480188635657e+04 
       1.837821138366e-02       2.478380780528e+04 
       1.850996866080e-02       2.476443489150e+04 
       1.864178053581e-02       2.474368819285e+04 
       1.877364792508e-02       2.472164834577e+04 
       1.890557177037e-02       2.469837253656e+04 
       1.903755303916e-02       2.467382288666e+04 
       1.916959272514e-02       2.464810090219e+04 
       1.930169184858e-02       2.462110040936e+04 
       1.943385145688e-02       2.459287868184e+04 
       1.956607262496e-02       2.456361641293e+04 
       1.969835645580e-02       2.453304454885e+04 
       1.983070408099e-02       2.450136456253e+04 
       1.996311666120e-02       2.446860836231e+04 
       2.009559538677e-02       2.443474889443e+04 
       2.022814147827e-02       2.439977206209e+04 
       2.036075618713e-02       2.436373699516e+04 
       2.049344079619e-02       2.432664367813e+04 
       2.062619662040e-02       2.428852040156e+04 
       2.075902500742e-02       2.424942251198e+04 
       2.089192733834e-02       2.420943997071e+04 
       2.102490502836e-02       2.416825938141e+04 
       2.115795952753e-02       2.412621391744e+04 
       2.129109232145e-02       2.408322306629e+04 
       2.142430493210e-02       2.403923807715e+04 
       2.155759891859e-02       2.399447446946e+04 
       2.169097587801e-02       2.394863108229e+04 
       2.182443744626e-02       2.390206277715e+04 
       2.195798529890e-02       2.385462984857e+04 
       2.209162115210e-02       2.380629371262e+04 
       2.222534676353e-02       2.375705549092e+04 
       2.235916393333e-02       2.370709380020e+04 
       2.249307450509e-02       2.365642438954e+04 
       2.262708036687e-02       2.360491396940e+04 
       2.276118345226e-02       2.355255705719e+04 
       2.289538574145e-02       2.349948880300e+04 
       2.302968926233e-02       2.344564801132e+04 
       2.316409609169e-02       2.339123789944e+04 
       2.329860835636e-02       2.333602464919e+04 
       2.343322823444e-02       2.328004076081e+04 
       2.356795795659e-02       2.322340442996e+04 
       2.370279980730e-02       2.316619128328e+04 
       2.383775612625e-02       2.310829823839e+04 
       2.397282930970e-02       2.304968838473e+04 
       2.410802181192e-02       2.299065611951e+04 
       2.424333614662e-02       2.293085078167e+04 
       2.437877488857e-02       2.287054952123e+04 
       2.451434067505e-02       2.280960787492e+04 
       2.465003620759e-02       2.274798619317e+04 
       2.478586425355e-02       2.268589351131e+04 
       2.492182764790e-02       2.262334710784e+04 
       2.505792929499e-02       2.256016494582e+04 
       2.519417217041e-02       2.249665584521e+04 
       2.533055932288e-02       2.243245079639e+04 
       2.546709387619e-02       2.236777346640e+04 
       2.560377903131e-02       2.230275894408e+04 
       2.574061806840e-02       2.223718114439e+04 
       2.587761434906e-02       2.217113347300e+04 
       2.601477131852e-02       2.210472148583e+04 
       2.615209250799e-02       2.203777395045e+04 
       2.628958153707e-02       2.197047304788e+04 
       2.642724211621e-02       2.190275801059e+04 
       2.656507804928e-02       2.183471376453e+04 
       2.670309323625e-02       2.176624930792e+04 
       2.684129167594e-02       2.169733505351e+04 
       2.697967746885e-02       2.162811001060e+04 
       2.711825482014e-02       2.155855988931e+04 
       2.725702804266e-02       2.148867315881e+04 
       2.739600156014e-02       2.141841806026e+04 
       2.753517991045e-02       2.134789417981e+04 
       2.767456774903e-02       2.127700184055e+04 
       2.781416985240e-02       2.120588066435e+04 
       2.795399112180e-02       2.113451821268e+04 
       2.809403658703e-02       2.106275487013e+04 
       2.823431141033e-02       2.099082991385e+04 
       2.837482089052e-02       2.091854865643e+04 
       2.851557046719e-02       2.084603523763e+04 
       2.865656572515e-02       2.077328845968e+04 
       2.879781239898e-02       2.070026661315e+04 
       2.893931637776e-02       2.062716138230e+04 
       2.908108371007e-02       2.055376037599e+04 
       2.922312060906e-02       2.048012868262e+04 
       2.936543345782e-02       2.040634120083e+04 
       2.950802881494e-02       2.033236120725e+04 
       2.965091342027e-02       2.025828830458e+04 
       2.979409420095e-02       2.018383524199e+04 
       2.993757827766e-02       2.010937865685e+04 
       3.008137297114e-02       2.003474507097e+04 
       3.022548580902e-02       1.995998324489e+04 
       3.036992453286e-02       1.988493148353e+04 
       3.051469710554e-02       1.980978271031e+04 
       3.065981171900e-02       1.973463747367e+04 
       3.080527680224e-02       1.965931705241e+04 
       3.095110102970e-02       1.958390084254e+04 
       3.109729333004e-02       1.950840626231e+04 
       3.124386289530e-02       1.943274338167e+04 
       3.139081919040e-02       1.935694092747e+04 
       3.153817196318e-02       1.928113043939e+04 
       3.168593125484e-02       1.920520290131e+04 
       3.183410741084e-02       1.912922754105e+04 
       3.198271109235e-02       1.905307741699e+04 
       3.213175328825e-02       1.897703124623e+04 
       3.228124532761e-02       1.890080401941e+04 
       3.243119889292e-02       1.882467926887e+04 
       3.258162603376e-02       1.874837840562e+04 
       3.273253918136e-02       1.867199028159e+04 
       3.288395116368e-02       1.859562545009e+04 
       3.303587522135e-02       1.851925926878e+04 
       3.318832502441e-02       1.844270559065e+04 
       3.334131468986e-02       1.836631853146e+04 
       3.349485880011e-02       1.828988290729e+04 
       3.364897242244e-02       1.821336840516e+04 
       3.380367112941e-02       1.813685075433e+04 
       3.395897102040e-02       1.806023357094e+04 
       3.411488874427e-02       1.798375646594e+04 
       3.427144152330e-02       1.790713534452e+04 
       3.442864717833e-02       1.783064977749e+04 
       3.458652415539e-02       1.775415060040e+04 
       3.474509155382e-02       1.767753619772e+04 
       3.490436915585e-02       1.760107481255e+04 
       3.506437745803e-02       1.752456459738e+04 
       3.522513770439e-02       1.744804493165e+04 
       3.538667192150e-02       1.737164635530e+04 
       3.554900295570e-02       1.729499840112e+04 
       3.571215451249e-02       1.721865040695e+04 
       3.587615119828e-02       1.714223618684e+04 
       3.604101856477e-02       1.706574378279e+04 
       3.620678315601e-02       1.698938438293e+04 
       3.637347255842e-02       1.691312379398e+04 
       3.654111545403e-02       1.683669107942e+04 
       3.670974167710e-02       1.676015360437e+04 
       3.687938227437e-02       1.668407751043e+04 
       3.705006956943e-02       1.660777199874e+04 
       3.722183723122e-02       1.653155649421e+04 
       3.739472034724e-02       1.645529738782e+04 
       3.756875550181e-02       1.637909537608e+04 
       3.774398085966e-02       1.630295366258e+04 
       3.792043625547e-02       1.622673964045e+04 
       3.809816328979e-02       1.615058512517e+04 
       3.827720543190e-02       1.607443987169e+04 
       3.845760813015e-02       1.599840147833e+04 
       3.863941893057e-02       1.592227206670e+04 
       3.882268760443e-02       1.584614742613e+04 
       3.900746628549e-02       1.577018270577e+04 
       3.919380961801e-02       1.569403784048e+04 
       3.938177491633e-02       1.561795520134e+04 
       3.957142233728e-02       1.554187416230e+04 
       3.976281506663e-02       1.546587180198e+04 
       3.995601952083e-02       1.538982825697e+04 
       4.015110556577e-02       1.531370852606e+04 
       4.034814675414e-02       1.523753524982e+04 
       4.054722058333e-02       1.516152966033e+04 
       4.074840877607e-02       1.508522710489e+04 
       4.095179758618e-02       1.500905871593e+04 
       4.115747813216e-02       1.493283465017e+04 
       4.136554676170e-02       1.485651737051e+04 
       4.157610545058e-02       1.478013751262e+04 
       4.178926223978e-02       1.470377786971e+04 
       4.200513171540e-02       1.462735947516e+04 
       4.222383553632e-02       1.455064513225e+04 
       4.244550301537e-02       1.447397227843e+04 
       4.267027176060e-02       1.439717121600e+04 
       4.289828838407e-02       1.432035697064e+04 
       4.312970928696e-02       1.424321195832e+04 
       4.336470153057e-02       1.416610906074e+04 
       4.360344380498e-02       1.408876068867e+04 
       4.384612750828e-02       1.401127242655e+04 
       4.409295795167e-02       1.393352223118e+04 
       4.434415570837e-02       1.385565340041e+04 
       4.459995812672e-02       1.377750345740e+04 
       4.486062103189e-02       1.369917992283e+04 
       4.512642064442e-02       1.362050687858e+04 
       4.539765574891e-02       1.354155600540e+04 
       4.567465015234e-02       1.346236337614e+04 
       4.595775547843e-02       1.338275617699e+04 
       4.624735435367e-02       1.330278901100e+04 
       4.654386405088e-02       1.322242629178e+04 
       4.684774066961e-02       1.314166974654e+04 
       4.715948394842e-02       1.306035318416e+04 
       4.747964282379e-02       1.297860120195e+04 
       4.780882187505e-02       1.289625060824e+04 
       4.814768882425e-02       1.281332610889e+04 
       4.849698329841e-02       1.272969878564e+04 
       4.885752710771e-02       1.264541248592e+04 
       4.923023635317e-02       1.256022409783e+04 
       4.961613575136e-02       1.247426533883e+04 
       5.001637565841e-02       1.238731171789e+04 
       5.043225239544e-02       1.229936429078e+04 
       5.086523262998e-02       1.221022031919e+04 
       5.131698276258e-02       1.211987790753e+04 
       5.178940451551e-02       1.202806884833e+04 
       5.228467823599e-02       1.193472472885e+04 
       5.280531582480e-02       1.183961190546e+04 
       5.335422570040e-02       1.174259959986e+04 
       5.393479282158e-02       1.164329246487e+04 
       5.455097751857e-02       1.154148623584e+04 
       5.520743769285e-02       1.143667824963e+04 
       5.590967973227e-02       1.132852666953e+04 
       5.666424399208e-02       1.121640770069e+04 
       5.747893033966e-02       1.109953159499e+04 
       5.836306687919e-02       1.097705196308e+04 
       5.932781827243e-02       1.084771546461e+04 
       6.038651484477e-02       1.070981836249e+04 
       6.155495275578e-02       1.056144044077e+04 
       6.285155837722e-02       1.039966464932e+04 
       6.429721573043e-02       1.022085323174e+04 
       6.591442692095e-02       1.002034300429e+04 
       6.772536504061e-02       9.792153102031e+03 
       6.974845190298e-02       9.529675899729e+03 
       7.199363781737e-02       9.226419746587e+03 
       7.445772995929e-02       8.877831847619e+03 
       7.712227928450e-02       8.483582654911e+03 
       7.995611717972e-02       8.049503173526e+03 
       8.292194072178e-02       7.587501469903e+03 
       8.598362996609e-02       7.114048699863e+03 
       8.911109975604e-02       6.647179930619e+03 
       9.228184897169e-02       6.203599336460e+03 
       9.548025705631e-02       5.796532087926e+03 
       9.869600568966e-02       5.434928267869e+03 
       1.019224944495e-01       5.122800544402e+03 
       1.051555859662e-01       4.860101169282e+03 
       1.083927192533e-01       4.643098519882e+03 
       1.116323212577e-01       4.465494554357e+03 
       1.148734302181e-01       4.319007864557e+03 
       1.181154596976e-01       4.194707963702e+03 
       1.213580526293e-01       4.083469740599e+03 
       1.246009917293e-01       3.976735130565e+03 
       1.278441447621e-01       3.867481287611e+03 
       1.310874311924e-01       3.750619441400e+03 
       1.343308019012e-01       3.623347482960e+03 
       1.375742268593e-01       3.485049448468e+03 
       1.408176876415e-01       3.337403074009e+03 
       1.440611728803e-01       3.183514906745e+03 
       1.473046755061e-01       3.027449721039e+03 
       1.505481910708e-01       2.873883687410e+03 
       1.537917167296e-01       2.727007205605e+03 
       1.570352506218e-01       2.590438640936e+03 
       1.602787914944e-01       2.466745638552e+03 
       1.635223384726e-01       2.357409966562e+03 
       1.667658909192e-01       2.262833078304e+03 
       1.700094483497e-01       2.182241153901e+03 
       1.732530103789e-01       2.114149775839e+03 
       1.764965766884e-01       2.056299909054e+03 
       1.797401470065e-01       2.006209069698e+03 
       1.829837210949e-01       1.961144311033e+03 
       1.862272987410e-01       1.918803230393e+03 
       1.894708797519e-01       1.876797885109e+03 
       1.927144639511e-01       1.832990328575e+03 
       1.959580511759e-01       1.786132497665e+03 
       1.992016412752e-01       1.735617359919e+03 
       2.024452341087e-01       1.681558818766e+03 
       2.056888295453e-01       1.624734610031e+03 
       2.089324274625e-01       1.566265593522e+03 
       2.121760277452e-01       1.507563354482e+03 
       2.154196302858e-01       1.450013124726e+03 
       2.186632349829e-01       1.394815719411e+03 
       2.219068417411e-01       1.342949417467e+03 
       2.251504504708e-01       1.295124518433e+03 
       2.283940610873e-01       1.251679892545e+03 
       2.316376735108e-01       1.212785352718e+03 
       2.348812876660e-01       1.178271914824e+03 
       2.381249034815e-01       1.147728787555e+03 
       2.413685208900e-01       1.120551268716e+03 
       2.446121398277e-01       1.095959813058e+03 
       2.478557602341e-01       1.073124091886e+03 
       2.510993820521e-01       1.051235243123e+03 
       2.543430052272e-01       1.029564383522e+03 
       2.575866297078e-01       1.007595448428e+03 
       2.608302554450e-01       9.849441183512e+02 
       2.640738823922e-01       9.614599300966e+02 
       2.673175105050e-01       9.371249955040e+02 
       2.705611397413e-01       9.120979854846e+02 
       2.738047700609e-01       8.866402207420e+02 
       2.770484014255e-01       8.610923862531e+02 
       2.802920337987e-01       8.358569770290e+02 
       2.835356671457e-01       8.113462997647e+02 
       2.867793014331e-01       7.879354057764e+02 
       2.900229366294e-01       7.658808535376e+02 
       2.932665727041e-01       7.453652444965e+02 
       2.965102096283e-01       7.264249644614e+02 
       2.997538473742e-01       7.089991012130e+02 
       3.029974859154e-01       6.929413449384e+02 
       3.062411252264e-01       6.780709540381e+02 
       3.094847652829e-01       6.641490635798e+02 
       3.127284060616e-01       6.509629480539e+02 
       3.159720475401e-01       6.382615018874e+02 
       3.192156896969e-01       6.258480997299e+02 
       3.224593325116e-01       6.135304000141e+02 
       3.257029759643e-01       6.011545993430e+02 
       3.289466200362e-01       5.886513154546e+02 
       3.321902647088e-01       5.759974257836e+02 
       3.354339099649e-01       5.632235983862e+02 
       3.386775557874e-01       5.504211856441e+02 
       3.419212021603e-01       5.376891191322e+02 
       3.451648490679e-01       5.251437874026e+02 
       3.484084964952e-01       5.128961218943e+02 
       3.516521444277e-01       5.010315691661e+02 
       3.548957928517e-01       4.896270222383e+02 
       3.581394417535e-01       4.787415129914e+02 
       3.613830911204e-01       4.683973315143e+02 
       3.646267409399e-01       4.586159360501e+02 
       3.678703911999e-01       4.493686428193e+02 
       3.711140418888e-01       4.406103220660e+02 
       3.743576929954e-01       4.322639699236e+02 
       3.776013445089e-01       4.242481884063e+02 
       3.808449964190e-01       4.164840228358e+02 
       3.840886487154e-01       4.088967787437e+02 
       3.873323013885e-01       4.014263347198e+02 
       3.905759544287e-01       3.940443914969e+02 
       3.938196078271e-01       3.867305315721e+02 
       3.970632615748e-01       3.794714202398e+02 
       4.003069156633e-01       3.722585016595e+02 
       4.035505700843e-01       3.650997281372e+02 
       4.067942248298e-01       3.580190436259e+02 
       4.100378798922e-01       3.510359954421e+02 
       4.132815352638e-01       3.441891106116e+02 
       4.165251909375e-01       3.375122493078e+02 
       4.197688469062e-01       3.310266443976e+02 
       4.230125031632e-01       3.247494963532e+02 
       4.262561597018e-01       3.186853727448e+02 
       4.294998165156e-01       3.128322217215e+02 
       4.327434735984e-01       3.071822993189e+02 
       4.359871309441e-01       3.017284615627e+02 
       4.392307885470e-01       2.964565999724e+02 
       4.424744464013e-01       2.913538255692e+02 
       4.457181045016e-01       2.864026545274e+02 
       4.489617628425e-01       2.815900389642e+02 
       4.522054214187e-01       2.768835136959e+02 
       4.554490802253e-01       2.722653925155e+02 
       4.586927392574e-01       2.677195818431e+02 
       4.619363985101e-01       2.632375416544e+02 
       4.651800579789e-01       2.588131267613e+02 
       4.684237176592e-01       2.544469601782e+02 
       4.716673775467e-01       2.501468911385e+02 
       4.749110376371e-01       2.459140795069e+02 
       4.781546979262e-01       2.417548143780e+02 
       4.813983584101e-01       2.376713363415e+02 
       4.846420190848e-01       2.336673538180e+02 
       4.878856799464e-01       2.297538580592e+02 
       4.911293409914e-01       2.259375834538e+02 
       4.943730022160e-01       2.222261113361e+02 
       4.976166636167e-01       2.186193877491e+02 
       5.008603251901e-01       2.151173157944e+02 
       5.041039869329e-01       2.117117975548e+02 
       5.073476488417e-01       2.083951592441e+02 
       5.105913109135e-01       2.051567477233e+02 
       5.138349731451e-01       2.019887551784e+02 
       5.170786355335e-01       1.988884584192e+02 
       5.203222980757e-01       1.958493296029e+02 
       5.235659607690e-01       1.928679355924e+02 
       5.268096236104e-01       1.899362718365e+02 
       5.300532865973e-01       1.870518505435e+02 
       5.332969497270e-01       1.842092742244e+02 
       5.365406129970e-01       1.814102892462e+02 
       5.397842764046e-01       1.786540998199e+02 
       5.430279399474e-01       1.759454640679e+02 
       5.462716036229e-01       1.732875673471e+02 
       5.495152674289e-01       1.706829055621e+02 
       5.527589313631e-01       1.681324822543e+02 
       5.560025954231e-01       1.656357512833e+02 
       5.592462596067e-01       1.631901895631e+02 
       5.624899239119e-01       1.607944156756e+02 
       5.657335883366e-01       1.584483650529e+02 
       5.689772528786e-01       1.561526818802e+02 
       5.722209175360e-01       1.539062716855e+02 
       5.754645823068e-01       1.517089325720e+02 
       5.787082471891e-01       1.495568242604e+02 
       5.819519121811e-01       1.474470564378e+02 
       5.851955772809e-01       1.453753915275e+02 
       5.884392424868e-01       1.433385959447e+02 
       5.916829077969e-01       1.413365682243e+02 
       5.949265732095e-01       1.393677440219e+02 
       5.981702387231e-01       1.374335425213e+02 
       6.014139043360e-01       1.355338616908e+02 
       6.046575700464e-01       1.336663161016e+02 
       6.079012358530e-01       1.318292381348e+02 
       6.111449017542e-01       1.300223108658e+02 
       6.143885677484e-01       1.282435135695e+02 
       6.176322338341e-01       1.264951117868e+02 
       6.208759000101e-01       1.247775933409e+02 
       6.241195662747e-01       1.230913430512e+02 
       6.273632326267e-01       1.214386322725e+02 
       6.306068990648e-01       1.198170216955e+02 
       6.338505655875e-01       1.182257711080e+02 
       6.370942321935e-01       1.166626155389e+02 
       6.403378988817e-01       1.151262193395e+02 
       6.435815656508e-01       1.136162774014e+02 
       6.468252324995e-01       1.121335409601e+02 
       6.500688994267e-01       1.106772443562e+02 
       6.533125664312e-01       1.092472684893e+02 
       6.565562335117e-01       1.078419094995e+02 
       6.597999006673e-01       1.064599346852e+02 
       6.630435678969e-01       1.050988122403e+02 
       6.662872351992e-01       1.037578441705e+02 
       6.695309025733e-01       1.024382439250e+02 
       6.727745700181e-01       1.011388365501e+02 
       6.760182375326e-01       9.986200647303e+01 
       6.792619051158e-01       9.860617002274e+01 
       6.825055727668e-01       9.737147411525e+01 
       6.857492404845e-01       9.615714026021e+01 
       6.889929082680e-01       9.496058058775e+01 
       6.922365761163e-01       9.378332562724e+01 
       6.954802440287e-01       9.262417964347e+01 
       6.987239120041e-01       9.148422982805e+01 
       7.019675800418e-01       9.036364457634e+01 
       7.052112481408e-01       8.926282827316e+01 
       7.084549163003e-01       8.818044556395e+01 
       7.116985845194e-01       8.711517548417e+01 
       7.149422527974e-01       8.606602254640e+01 
       7.181859211335e-01       8.503221410845e+01 
       7.214295895268e-01       8.401463301298e+01 
       7.246732579767e-01       8.301279339249e+01 
       7.279169264823e-01       8.202681425567e+01 
       7.311605950429e-01       8.105672591636e+01 
       7.344042636577e-01       8.010156039824e+01 
       7.376479323261e-01       7.916155129862e+01 
       7.408916010474e-01       7.823372805528e+01 
       7.441352698208e-01       7.732000927220e+01 
       7.473789386457e-01       7.641934221487e+01 
       7.506226075214e-01       7.553244180813e+01 
       7.538662764472e-01       7.465893827792e+01 
       7.571099454226e-01       7.379988226713e+01 
       7.603536144468e-01       7.295419148943e+01 
       7.796303683800e-01       6.817360383674e+01 
       7.991951808535e-01       6.373347655626e+01 
       8.190622189738e-01       5.960168947359e+01 
       8.392471025203e-01       5.575042981894e+01 
       8.597666824943e-01       5.216044474966e+01 
       8.806388166909e-01       4.881046507134e+01 
       9.018821498249e-01       4.568151967516e+01 
       9.235159045894e-01       4.275751839106e+01 
       9.455596888259e-01       4.002175764900e+01 
       9.680333228047e-01       3.746071615295e+01 
       9.909566894861e-01       3.506226774649e+01 
       1.014349609574e+00       3.281481284343e+01 
       1.038231742194e+00       3.070853359216e+01 
       1.062622511120e+00       2.873360674498e+01 
       1.087541055696e+00       2.688158654738e+01 
       1.113006204862e+00       2.514438226904e+01 
       1.139036472139e+00       2.351488083340e+01 
       1.165650068971e+00       2.198660403863e+01 
       1.192864933485e+00       2.055305873099e+01 
       1.220698771599e+00       1.920877115316e+01 
       1.249169107358e+00       1.794834355171e+01 
       1.278293339521e+00       1.676657221955e+01 
       1.308088801631e+00       1.565865817040e+01 
       1.338572823148e+00       1.462014151022e+01 
       1.369762789612e+00       1.364711583703e+01 
       1.401676200240e+00       1.273585844499e+01 
       1.434330721790e+00       1.188227174879e+01 
       1.467744237947e+00       1.108291830995e+01 
       1.501934893845e+00       1.033451489797e+01 
       1.536921135683e+00       9.634029292506e+00 
       1.572721745598e+00       8.978042697677e+00 
       1.609355872190e+00       8.364488416683e+00 
       1.646843057166e+00       7.790664163744e+00 
       1.685203258672e+00       7.254337155588e+00 
       1.724456871852e+00       6.753152281074e+00 
       1.764624747202e+00       6.285022398076e+00 
       1.805728207199e+00       5.847749581020e+00 
       1.847789061645e+00       5.439609996617e+00 
       1.890829622109e+00       5.058478188230e+00 
       1.934872715754e+00       4.702763144602e+00 
       1.979941698802e+00       4.370822915342e+00 
       2.026060469840e+00       4.061160950597e+00 
       2.073253483080e+00       3.772226876086e+00 
       2.121545761715e+00       3.502801908045e+00 
       2.170962911424e+00       3.251660535353e+00 
       2.221531134100e+00       3.017765200694e+00 
       2.273277241828e+00       2.799982958607e+00 
       2.326228671158e+00       2.597253967111e+00 
       2.380413497679e+00       2.408548358193e+00 
       2.435860450925e+00       2.232913035065e+00 
       2.492598929614e+00       2.069413387552e+00 
       2.550659017244e+00       1.917286338429e+00 
       2.610071498046e+00       1.775844500342e+00 
       2.670867873303e+00       1.644352275829e+00 
       2.733080378059e+00       1.522137281227e+00 
       2.796741998208e+00       1.408646109172e+00 
       2.861886487983e+00       1.303257988351e+00 
       2.928548387856e+00       1.205405487006e+00 
       2.996763042848e+00       1.114528526392e+00 
       3.066566621273e+00       1.030214553007e+00 
       3.137996133910e+00       9.520062605718e-01 
       3.211089453635e+00       8.794787529565e-01 
       3.285885335491e+00       8.121885347951e-01 
       3.362423437246e+00       7.498363131291e-01 
       3.440744340414e+00       6.920658225191e-01 
       3.520889571776e+00       6.385871918527e-01 
       3.602901625392e+00       5.890676321120e-01 
       3.686823985141e+00       5.431980334201e-01 
       3.772701147767e+00       5.007176725121e-01 
       3.860578646480e+00       4.614042130771e-01 
       3.950503075092e+00       4.251016396939e-01 
       4.042522112725e+00       3.915484679095e-01 
       4.136684549091e+00       3.605134610972e-01 
       4.233040310361e+00       3.317983091648e-01 
       4.331640485634e+00       3.052717257814e-01 
       4.432537354029e+00       2.808191142104e-01 
       4.535784412401e+00       2.582512605250e-01 
       4.641436403706e+00       2.373987662028e-01 
       4.749549346029e+00       2.181454622225e-01 
       4.860180562283e+00       2.004072694969e-01 
       4.973388710604e+00       1.840581081257e-01 
       5.089233815449e+00       1.689813905748e-01 
       5.207777299427e+00       1.550935685006e-01 
       5.329082015863e+00       1.422980230558e-01 
       5.453212282122e+00       1.305033324455e-01 
       5.580233913714e+00       1.196724310843e-01 
       5.710214259191e+00       1.096959305710e-01 
       5.843222235852e+00       1.005044626818e-01 
       5.979328366287e+00       9.206297748259e-02 
       6.118604815767e+00       8.431057287792e-02 
       6.261125430509e+00       7.717664809673e-02 
       6.406965776831e+00       7.061805047080e-02 
       6.556203181214e+00       6.460482346374e-02 
       6.708916771305e+00       5.908679931340e-02 
       6.865187517871e+00       5.400830556248e-02 
       7.025098277731e+00       4.936127809612e-02 
       7.188733837685e+00       4.509605190045e-02 
       7.356180959475e+00       4.118393095387e-02 
       7.527528425780e+00       3.759908710799e-02 
