# Matter power spectrum P(k) at redshift z=0
# for k=1.05281e-05 to 7.52753 h/Mpc,
# number of wavenumbers equal to 698
#    1:k (h/Mpc)              2:P (Mpc/h)^3        
       1.052808673426e-05       4.927703916002e+01 
       2.352858924850e-05       1.068021511119e+02 
       3.657561012704e-05       1.632553994843e+02 
       4.970490954058e-05       2.192744257822e+02 
       6.295284960798e-05       2.752190645163e+02 
       7.635672464984e-05       3.313573067244e+02 
       8.995510218379e-05       3.879172838218e+02 
       1.037881792750e-04       4.451085392550e+02 
       1.178981588899e-04       5.031329371057e+02 
       1.323296509351e-04       5.621911389486e+02 
       1.471301026669e-04       6.224872273997e+02 
       1.623502630831e-04       6.841578638714e+02 
       1.780446857044e-04       7.475579267165e+02 
       1.942722737312e-04       8.128594841495e+02 
       2.110968708146e-04       8.803111574654e+02 
       2.285878994669e-04       9.501793703590e+02 
       2.468210472554e-04       1.022750932260e+03 
       2.658789981420e-04       1.098335626835e+03 
       2.858522023285e-04       1.177268784692e+03 
       3.068396723921e-04       1.259913822182e+03 
       3.289497859130e-04       1.346664614949e+03 
       3.523010647711e-04       1.437947615366e+03 
       3.770228884296e-04       1.534223513219e+03 
       4.032560825723e-04       1.635988210959e+03 
       4.311533055425e-04       1.743772773904e+03 
       4.608791338532e-04       1.858142047021e+03 
       4.926097263128e-04       1.979691379043e+03 
       5.265319271458e-04       2.109041043166e+03 
       5.628416567827e-04       2.246827827153e+03 
       6.017414415631e-04       2.393693245713e+03 
       6.434369587909e-04       2.550268176070e+03 
       6.881325299149e-04       2.717153753225e+03 
       7.360255881959e-04       2.894898911705e+03 
       7.873002779907e-04       3.083975427072e+03 
       8.421205003064e-04       3.284751734116e+03 
       9.006228800244e-04       3.497467979432e+03 
       9.629102586023e-04       3.722213999407e+03 
       1.029046371625e-03       3.958913377579e+03 
       1.099052320508e-03       4.207315417761e+03 
       1.172905281518e-03       4.466996512281e+03 
       1.250539634497e-03       4.737371408583e+03 
       1.331850389704e-03       5.017713004938e+03 
       1.416698510612e-03       5.307219609475e+03 
       1.504917533074e-03       5.604955884902e+03 
       1.596320800420e-03       5.909927719861e+03 
       1.690708669444e-03       6.221135117559e+03 
       1.787875165225e-03       6.537582282532e+03 
       1.887613730830e-03       6.858299445086e+03 
       1.989721890091e-03       7.182359839960e+03 
       2.094004788356e-03       7.508892209787e+03 
       2.200277682713e-03       7.837088430801e+03 
       2.308367517734e-03       8.166207732048e+03 
       2.418113751445e-03       8.495577427270e+03 
       2.529368598707e-03       8.824592003618e+03 
       2.641996845201e-03       9.152710044124e+03 
       2.755875362810e-03       9.479449947434e+03 
       2.870892432241e-03       9.804387257603e+03 
       2.986946954714e-03       1.012714594287e+04 
       3.103947613398e-03       1.044740347479e+04 
       3.221812027837e-03       1.076486999165e+04 
       3.340465930702e-03       1.107929908771e+04 
       3.459842385662e-03       1.139047630699e+04 
       3.579881057369e-03       1.169821723606e+04 
       3.700527538939e-03       1.200236294216e+04 
       3.821732738472e-03       1.230277842035e+04 
       3.943452323554e-03       1.259935113896e+04 
       4.065646221063e-03       1.289198390456e+04 
       4.188278168679e-03       1.318059823347e+04 
       4.311315313972e-03       1.346512907505e+04 
       4.434727856837e-03       1.374552506495e+04 
       4.558488731065e-03       1.402174695133e+04 
       4.682573321059e-03       1.429376333410e+04 
       4.806959209934e-03       1.456152907091e+04 
       4.931625955575e-03       1.482507755576e+04 
       5.056554891509e-03       1.508437272569e+04 
       5.181728949793e-03       1.533942809171e+04 
       5.307132503374e-03       1.559027315513e+04 
       5.432751225699e-03       1.583688644893e+04 
       5.558571965559e-03       1.607928125965e+04 
       5.684582635425e-03       1.631747195346e+04 
       5.810772111707e-03       1.655147755147e+04 
       5.937130145567e-03       1.678132392062e+04 
       6.063647283080e-03       1.700703832302e+04 
       6.190314793671e-03       1.722864845176e+04 
       6.317124605899e-03       1.744619050553e+04 
       6.444069249759e-03       1.765968701366e+04 
       6.571141804772e-03       1.786915880133e+04 
       6.698335853232e-03       1.807468369772e+04 
       6.825645438037e-03       1.827624637750e+04 
       6.953065024609e-03       1.847391938399e+04 
       7.080589466470e-03       1.866772575833e+04 
       7.208213974067e-03       1.885768528540e+04 
       7.335934086534e-03       1.904387831988e+04 
       7.463745646050e-03       1.922629588814e+04 
       7.591644774551e-03       1.940498970882e+04 
       7.719627852549e-03       1.958003698203e+04 
       7.847691499835e-03       1.975142925524e+04 
       7.975832557900e-03       1.991922071732e+04 
       8.104048073873e-03       2.008346093660e+04 
       8.232335285865e-03       2.024416788313e+04 
       8.360691609549e-03       2.040137047733e+04 
       8.489114625883e-03       2.055515605156e+04 
       8.617602069851e-03       2.070553954670e+04 
       8.746151820137e-03       2.085253558016e+04 
       8.874761889647e-03       2.099617874528e+04 
       9.003430416790e-03       2.113654646507e+04 
       9.132155657464e-03       2.127365851823e+04 
       9.260935977668e-03       2.140756977527e+04 
       9.389769846707e-03       2.153829696550e+04 
       9.518655830914e-03       2.166586761997e+04 
       9.647592587857e-03       2.179032529539e+04 
       9.776578860994e-03       2.191167814963e+04 
       9.905613474729e-03       2.203003149567e+04 
       1.003469532983e-02       2.214538242175e+04 
       1.016382339922e-02       2.225777866474e+04 
       1.029299672401e-02       2.236724520563e+04 
       1.042221440992e-02       2.247379193326e+04 
       1.055147562387e-02       2.257748494418e+04 
       1.068077959088e-02       2.267835933282e+04 
       1.081012559114e-02       2.277644695982e+04 
       1.093951295736e-02       2.287182454375e+04 
       1.106894107222e-02       2.296435574428e+04 
       1.119840936608e-02       2.305425182851e+04 
       1.132791731481e-02       2.314145341510e+04 
       1.145746443775e-02       2.322605854573e+04 
       1.158705029591e-02       2.330809705503e+04 
       1.171667449017e-02       2.338750246778e+04 
       1.184633665969e-02       2.346441114040e+04 
       1.197603648040e-02       2.353881458492e+04 
       1.210577366362e-02       2.361082623554e+04 
       1.223554795473e-02       2.368023908947e+04 
       1.236535913201e-02       2.374736803456e+04 
       1.249520700545e-02       2.381197008071e+04 
       1.262509141578e-02       2.387431598793e+04 
       1.275501223345e-02       2.393431621872e+04 
       1.288496935775e-02       2.399202312849e+04 
       1.301496271599e-02       2.404744815762e+04 
       1.314499226272e-02       2.410066648766e+04 
       1.327505797901e-02       2.415162749754e+04 
       1.340515987180e-02       2.420042755531e+04 
       1.353529797330e-02       2.424709377430e+04 
       1.366547234042e-02       2.429160203343e+04 
       1.379568305429e-02       2.433400808091e+04 
       1.392593021973e-02       2.437430736750e+04 
       1.405621396487e-02       2.441263665753e+04 
       1.418653444076e-02       2.444885383908e+04 
       1.431689182101e-02       2.448321401126e+04 
       1.444728630145e-02       2.451544609828e+04 
       1.457771809988e-02       2.454578992237e+04 
       1.470818745581e-02       2.457419158137e+04 
       1.483869463022e-02       2.460075330224e+04 
       1.496923990539e-02       2.462539878938e+04 
       1.509982358472e-02       2.464819453837e+04 
       1.523044599259e-02       2.466918801414e+04 
       1.536110747427e-02       2.468836076557e+04 
       1.549180839581e-02       2.470580083756e+04 
       1.562254914397e-02       2.472140519215e+04 
       1.575333012620e-02       2.473533149001e+04 
       1.588415177062e-02       2.474766093585e+04 
       1.601501452598e-02       2.475811807046e+04 
       1.614591886173e-02       2.476700447793e+04 
       1.627686526807e-02       2.477427489326e+04 
       1.640785425596e-02       2.477993061275e+04 
       1.653888635724e-02       2.478396026382e+04 
       1.666996212473e-02       2.478644655442e+04 
       1.680108213232e-02       2.478745704863e+04 
       1.693224697516e-02       2.478674037896e+04 
       1.706345726977e-02       2.478466457068e+04 
       1.719471365421e-02       2.478109590866e+04 
       1.732601678832e-02       2.477601764046e+04 
       1.745736735386e-02       2.476953537884e+04 
       1.758876605479e-02       2.476161757394e+04 
       1.772021361748e-02       2.475230316640e+04 
       1.785171079099e-02       2.474164168750e+04 
       1.798325834731e-02       2.472957108934e+04 
       1.811485708169e-02       2.471620126903e+04 
       1.824650781291e-02       2.470146010612e+04 
       1.837821138366e-02       2.468547754619e+04 
       1.850996866080e-02       2.466822029831e+04 
       1.864178053581e-02       2.464964607321e+04 
       1.877364792508e-02       2.462990706861e+04 
       1.890557177037e-02       2.460892424685e+04 
       1.903755303916e-02       2.458664966432e+04 
       1.916959272514e-02       2.456324525971e+04 
       1.930169184858e-02       2.453870773648e+04 
       1.943385145688e-02       2.451300190285e+04 
       1.956607262496e-02       2.448620648266e+04 
       1.969835645580e-02       2.445820508763e+04 
       1.983070408099e-02       2.442925432421e+04 
       1.996311666120e-02       2.439908115761e+04 
       2.009559538677e-02       2.436785110625e+04 
       2.022814147827e-02       2.433577666488e+04 
       2.036075618713e-02       2.430251561422e+04 
       2.049344079619e-02       2.426830382717e+04 
       2.062619662040e-02       2.423309419023e+04 
       2.075902500742e-02       2.419689112458e+04 
       2.089192733834e-02       2.415973274238e+04 
       2.102490502836e-02       2.412169547924e+04 
       2.115795952753e-02       2.408261114528e+04 
       2.129109232145e-02       2.404277325879e+04 
       2.142430493210e-02       2.400194315196e+04 
       2.155759891859e-02       2.396032161177e+04 
       2.169097587801e-02       2.391776570608e+04 
       2.182443744626e-02       2.387442185681e+04 
       2.195798529890e-02       2.383025610224e+04 
       2.209162115210e-02       2.378531537549e+04 
       2.222534676353e-02       2.373945928901e+04 
       2.235916393333e-02       2.369288889955e+04 
       2.249307450509e-02       2.364551328488e+04 
       2.262708036687e-02       2.359755264485e+04 
       2.276118345226e-02       2.354881524852e+04 
       2.289538574145e-02       2.349926447867e+04 
       2.302968926233e-02       2.344907060921e+04 
       2.316409609169e-02       2.339813745943e+04 
       2.329860835636e-02       2.334654570050e+04 
       2.343322823444e-02       2.329423532936e+04 
       2.356795795659e-02       2.324119842275e+04 
       2.370279980730e-02       2.318778162988e+04 
       2.383775612625e-02       2.313360108344e+04 
       2.397282930970e-02       2.307890117666e+04 
       2.410802181192e-02       2.302350597206e+04 
       2.424333614662e-02       2.296755383160e+04 
       2.437877488857e-02       2.291112593780e+04 
       2.451434067505e-02       2.285395012690e+04 
       2.465003620759e-02       2.279649538426e+04 
       2.478586425355e-02       2.273833825013e+04 
       2.492182764790e-02       2.267967356826e+04 
       2.505792929499e-02       2.262053734393e+04 
       2.519417217041e-02       2.256086368269e+04 
       2.533055932288e-02       2.250076901234e+04 
       2.546709387619e-02       2.244021365613e+04 
       2.560377903131e-02       2.237917909962e+04 
       2.574061806840e-02       2.231775039907e+04 
       2.587761434906e-02       2.225575523231e+04 
       2.601477131852e-02       2.219350573826e+04 
       2.615209250799e-02       2.213075773601e+04 
       2.628958153707e-02       2.206763157084e+04 
       2.642724211621e-02       2.200412300210e+04 
       2.656507804928e-02       2.194023681761e+04 
       2.670309323625e-02       2.187600482490e+04 
       2.684129167594e-02       2.181146217108e+04 
       2.697967746885e-02       2.174644157555e+04 
       2.711825482014e-02       2.168122817840e+04 
       2.725702804266e-02       2.161560463879e+04 
       2.739600156014e-02       2.154970162664e+04 
       2.753517991045e-02       2.148344337904e+04 
       2.767456774903e-02       2.141690582432e+04 
       2.781416985240e-02       2.135014650221e+04 
       2.795399112180e-02       2.128315398425e+04 
       2.809403658703e-02       2.121578814270e+04 
       2.823431141033e-02       2.114820523388e+04 
       2.837482089052e-02       2.108033096540e+04 
       2.851557046719e-02       2.101233164895e+04 
       2.865656572515e-02       2.094411544667e+04 
       2.879781239898e-02       2.087561775377e+04 
       2.893931637776e-02       2.080681384777e+04 
       2.908108371007e-02       2.073794393999e+04 
       2.922312060906e-02       2.066874455662e+04 
       2.936543345782e-02       2.059958487960e+04 
       2.950802881494e-02       2.053004640849e+04 
       2.965091342027e-02       2.046034960158e+04 
       2.979409420095e-02       2.039060115798e+04 
       2.993757827766e-02       2.032064170504e+04 
       3.008137297114e-02       2.025059170103e+04 
       3.022548580902e-02       2.018037302046e+04 
       3.036992453286e-02       2.010994018521e+04 
       3.051469710554e-02       2.003949039590e+04 
       3.065981171900e-02       1.996892614601e+04 
       3.080527680224e-02       1.989816332573e+04 
       3.095110102970e-02       1.982737532728e+04 
       3.109729333004e-02       1.975640987787e+04 
       3.124386289530e-02       1.968545251463e+04 
       3.139081919040e-02       1.961435321666e+04 
       3.153817196318e-02       1.954321591779e+04 
       3.168593125484e-02       1.947193919572e+04 
       3.183410741084e-02       1.940075213833e+04 
       3.198271109235e-02       1.932938662212e+04 
       3.213175328825e-02       1.925797831417e+04 
       3.228124532761e-02       1.918656357088e+04 
       3.243119889292e-02       1.911501656444e+04 
       3.258162603376e-02       1.904349841207e+04 
       3.273253918136e-02       1.897186364376e+04 
       3.288395116368e-02       1.890033058744e+04 
       3.303587522135e-02       1.882868870523e+04 
       3.318832502441e-02       1.875711989853e+04 
       3.334131468986e-02       1.868543084407e+04 
       3.349485880011e-02       1.861380035881e+04 
       3.364897242244e-02       1.854209890106e+04 
       3.380367112941e-02       1.847037707682e+04 
       3.395897102040e-02       1.839875390222e+04 
       3.411488874427e-02       1.832707535424e+04 
       3.427144152330e-02       1.825551093549e+04 
       3.442864717833e-02       1.818384540581e+04 
       3.458652415539e-02       1.811226047940e+04 
       3.474509155382e-02       1.804073422854e+04 
       3.490436915585e-02       1.796904959475e+04 
       3.506437745803e-02       1.789751241384e+04 
       3.522513770439e-02       1.782600268562e+04 
       3.538667192150e-02       1.775458982172e+04 
       3.554900295570e-02       1.768315787042e+04 
       3.571215451249e-02       1.761175922077e+04 
       3.587615119828e-02       1.754035061918e+04 
       3.604101856477e-02       1.746896547766e+04 
       3.620678315601e-02       1.739774432002e+04 
       3.637347255842e-02       1.732659798176e+04 
       3.654111545403e-02       1.725532271457e+04 
       3.670974167710e-02       1.718422237969e+04 
       3.687938227437e-02       1.711305946193e+04 
       3.705006956943e-02       1.704214742894e+04 
       3.722183723122e-02       1.697112880144e+04 
       3.739472034724e-02       1.690020531653e+04 
       3.756875550181e-02       1.682933022587e+04 
       3.774398085966e-02       1.675842335047e+04 
       3.792043625547e-02       1.668767592439e+04 
       3.809816328979e-02       1.661692039886e+04 
       3.827720543190e-02       1.654636814518e+04 
       3.845760813015e-02       1.647568427430e+04 
       3.863941893057e-02       1.640516996948e+04 
       3.882268760443e-02       1.633459634981e+04 
       3.900746628549e-02       1.626416552609e+04 
       3.919380961801e-02       1.619371974478e+04 
       3.938177491633e-02       1.612350008063e+04 
       3.957142233728e-02       1.605310944006e+04 
       3.976281506663e-02       1.598296762660e+04 
       3.995601952083e-02       1.591260735675e+04 
       4.015110556577e-02       1.584259002409e+04 
       4.034814675414e-02       1.577237031871e+04 
       4.054722058333e-02       1.570226513062e+04 
       4.074840877607e-02       1.563211454780e+04 
       4.095179758618e-02       1.556217387402e+04 
       4.115747813216e-02       1.549219040553e+04 
       4.136554676170e-02       1.542214534553e+04 
       4.157610545058e-02       1.535215151805e+04 
       4.178926223978e-02       1.528213600651e+04 
       4.200513171540e-02       1.521225950495e+04 
       4.222383553632e-02       1.514239497527e+04 
       4.244550301537e-02       1.507240724387e+04 
       4.267027176060e-02       1.500243474237e+04 
       4.289828838407e-02       1.493239725405e+04 
       4.312970928696e-02       1.486247963511e+04 
       4.336470153057e-02       1.479243200734e+04 
       4.360344380498e-02       1.472246594953e+04 
       4.384612750828e-02       1.465232435524e+04 
       4.409295795167e-02       1.458215058027e+04 
       4.434415570837e-02       1.451200865108e+04 
       4.459995812672e-02       1.444170579396e+04 
       4.486062103189e-02       1.437133908259e+04 
       4.512642064442e-02       1.430089445835e+04 
       4.539765574891e-02       1.423039273802e+04 
       4.567465015234e-02       1.415968111618e+04 
       4.595775547843e-02       1.408879875129e+04 
       4.624735435367e-02       1.401794198019e+04 
       4.654386405088e-02       1.394676426488e+04 
       4.684774066961e-02       1.387544894538e+04 
       4.715948394842e-02       1.380396442604e+04 
       4.747964282379e-02       1.373223564926e+04 
       4.780882187505e-02       1.366027593750e+04 
       4.814768882425e-02       1.358807405160e+04 
       4.849698329841e-02       1.351552712523e+04 
       4.885752710771e-02       1.344269685534e+04 
       4.923023635317e-02       1.336950256663e+04 
       4.961613575136e-02       1.329591175314e+04 
       5.001637565841e-02       1.322188767874e+04 
       5.043225239544e-02       1.314740133055e+04 
       5.086523262998e-02       1.307239098741e+04 
       5.131698276258e-02       1.299682110183e+04 
       5.178940451551e-02       1.292057042884e+04 
       5.228467823599e-02       1.284353808541e+04 
       5.280531582480e-02       1.276574506195e+04 
       5.335422570040e-02       1.268706118462e+04 
       5.393479282158e-02       1.260722177757e+04 
       5.455097751857e-02       1.252612253484e+04 
       5.520743769285e-02       1.244357271494e+04 
       5.590967973227e-02       1.235928986655e+04 
       5.666424399208e-02       1.227281890781e+04 
       5.747893033966e-02       1.218376077616e+04 
       5.836306687919e-02       1.209147990512e+04 
       5.932781827243e-02       1.199487880251e+04 
       6.038651484477e-02       1.189280739915e+04 
       6.155495275578e-02       1.178342175841e+04 
       6.285155837722e-02       1.166409335996e+04 
       6.429721573043e-02       1.153119701545e+04 
       6.591442692095e-02       1.137963663915e+04 
       6.772536504061e-02       1.120261670689e+04 
       6.974845190298e-02       1.099172507783e+04 
       7.199363781737e-02       1.073774258716e+04 
       7.445772995929e-02       1.043220144557e+04 
       7.712227928450e-02       1.007122693634e+04 
       7.995611717972e-02       9.657521489141e+03 
       8.292194072178e-02       9.202447677473e+03 
       8.598362996609e-02       8.723916445629e+03 
       8.911109975604e-02       8.243585856574e+03 
       9.228184897169e-02       7.782913534438e+03 
       9.548025705631e-02       7.359643101416e+03 
       9.869600568966e-02       6.986617205716e+03 
       1.019224944495e-01       6.670639454792e+03 
       1.051555859662e-01       6.413078012676e+03 
       1.083927192533e-01       6.210406955207e+03 
       1.116323212577e-01       6.055609988249e+03 
       1.148734302181e-01       5.938790579883e+03 
       1.181154596976e-01       5.848279321342e+03 
       1.213580526293e-01       5.771738898074e+03 
       1.246009917293e-01       5.697125333010e+03 
       1.278441447621e-01       5.613975081293e+03 
       1.310874311924e-01       5.514223313742e+03 
       1.343308019012e-01       5.393142519573e+03 
       1.375742268593e-01       5.249554234759e+03 
       1.408176876415e-01       5.085738633740e+03 
       1.440611728803e-01       4.906587309769e+03 
       1.473046755061e-01       4.719109195749e+03 
       1.505481910708e-01       4.530811352486e+03 
       1.537917167296e-01       4.348915104214e+03 
       1.570352506218e-01       4.179695297873e+03 
       1.602787914944e-01       4.027769994268e+03 
       1.635223384726e-01       3.895828632206e+03 
       1.667658909192e-01       3.784799842525e+03 
       1.700094483497e-01       3.693988503616e+03 
       1.732530103789e-01       3.621198395458e+03 
       1.764965766884e-01       3.563206525389e+03 
       1.797401470065e-01       3.516044594902e+03 
       1.829837210949e-01       3.475311075789e+03 
       1.862272987410e-01       3.437394505532e+03 
       1.894708797519e-01       3.398067250268e+03 
       1.927144639511e-01       3.353695278229e+03 
       1.959580511759e-01       3.302003958311e+03 
       1.992016412752e-01       3.241903191955e+03 
       2.024452341087e-01       3.173614673227e+03 
       2.056888295453e-01       3.098516107486e+03 
       2.089324274625e-01       3.018788498143e+03 
       2.121760277452e-01       2.937034376072e+03 
       2.154196302858e-01       2.855871638030e+03 
       2.186632349829e-01       2.777649384443e+03 
       2.219068417411e-01       2.704186455622e+03 
       2.251504504708e-01       2.636880126366e+03 
       2.283940610873e-01       2.576445359546e+03 
       2.316376735108e-01       2.523237343926e+03 
       2.348812876660e-01       2.477017186572e+03 
       2.381249034815e-01       2.437137001964e+03 
       2.413685208900e-01       2.402553421994e+03 
       2.446121398277e-01       2.371869184876e+03 
       2.478557602341e-01       2.343633383423e+03 
       2.510993820521e-01       2.316326254772e+03 
       2.543430052272e-01       2.288671631289e+03 
       2.575866297078e-01       2.259660589409e+03 
       2.608302554450e-01       2.228639239345e+03 
       2.640738823922e-01       2.195311413962e+03 
       2.673175105050e-01       2.159704278777e+03 
       2.705611397413e-01       2.122110143865e+03 
       2.738047700609e-01       2.083093268012e+03 
       2.770484014255e-01       2.043348620782e+03 
       2.802920337987e-01       2.003700854956e+03 
       2.835356671457e-01       1.964962191191e+03 
       2.867793014331e-01       1.927861063204e+03 
       2.900229366294e-01       1.892942885188e+03 
       2.932665727041e-01       1.860562571775e+03 
       2.965102096283e-01       1.830793746520e+03 
       2.997538473742e-01       1.803570160874e+03 
       3.029974859154e-01       1.778611371893e+03 
       3.062411252264e-01       1.755549473778e+03 
       3.094847652829e-01       1.733981603226e+03 
       3.127284060616e-01       1.713480765855e+03 
       3.159720475401e-01       1.693606973503e+03 
       3.192156896969e-01       1.673957173192e+03 
       3.224593325116e-01       1.654189436719e+03 
       3.257029759643e-01       1.634038239911e+03 
       3.289466200362e-01       1.613360690806e+03 
       3.321902647088e-01       1.592124280418e+03 
       3.354339099649e-01       1.570425709975e+03 
       3.386775557874e-01       1.548445162991e+03 
       3.419212021603e-01       1.526396711945e+03 
       3.451648490679e-01       1.504529708317e+03 
       3.484084964952e-01       1.483052753900e+03 
       3.516521444277e-01       1.462145718605e+03 
       3.548957928517e-01       1.441973947750e+03 
       3.581394417535e-01       1.422647671303e+03 
       3.613830911204e-01       1.404234489618e+03 
       3.646267409399e-01       1.386752003857e+03 
       3.678703911999e-01       1.370164725587e+03 
       3.711140418888e-01       1.354372943253e+03 
       3.743576929954e-01       1.339243149825e+03 
       3.776013445089e-01       1.324620934814e+03 
       3.808449964190e-01       1.310353119972e+03 
       3.840886487154e-01       1.296311174929e+03 
       3.873323013885e-01       1.282393098205e+03 
       3.905759544287e-01       1.268537367558e+03 
       3.938196078271e-01       1.254702619361e+03 
       3.970632615748e-01       1.240876026341e+03 
       4.003069156633e-01       1.227056625371e+03 
       4.035505700843e-01       1.213270831074e+03 
       4.067942248298e-01       1.199550764071e+03 
       4.100378798922e-01       1.185960716069e+03 
       4.132815352638e-01       1.172561120609e+03 
       4.165251909375e-01       1.159420446594e+03 
       4.197688469062e-01       1.146590721971e+03 
       4.230125031632e-01       1.134106931364e+03 
       4.262561597018e-01       1.121970032408e+03 
       4.294998165156e-01       1.110186268052e+03 
       4.327434735984e-01       1.098741129493e+03 
       4.359871309441e-01       1.087612067713e+03 
       4.392307885470e-01       1.076782146698e+03 
       4.424744464013e-01       1.066228972041e+03 
       4.457181045016e-01       1.055922805808e+03 
       4.489617628425e-01       1.045822056380e+03 
       4.522054214187e-01       1.035898364097e+03 
       4.554490802253e-01       1.026102707233e+03 
       4.586927392574e-01       1.016412648162e+03 
       4.619363985101e-01       1.006811594945e+03 
       4.651800579789e-01       9.972942924745e+02 
       4.684237176592e-01       9.878662601836e+02 
       4.716673775467e-01       9.785392658737e+02 
       4.749110376371e-01       9.693180735178e+02 
       4.781546979262e-01       9.602148331586e+02 
       4.813983584101e-01       9.512332128271e+02 
       4.846420190848e-01       9.423943788116e+02 
       4.878856799464e-01       9.337021209468e+02 
       4.911293409914e-01       9.251762927571e+02 
       4.943730022160e-01       9.168320765848e+02 
       4.976166636167e-01       9.086691150896e+02 
       5.008603251901e-01       9.006839952046e+02 
       5.041039869329e-01       8.928645053692e+02 
       5.073476488417e-01       8.851960371788e+02 
       5.105913109135e-01       8.776627926920e+02 
       5.138349731451e-01       8.702528714546e+02 
       5.170786355335e-01       8.629565775473e+02 
       5.203222980757e-01       8.557668487667e+02 
       5.235659607690e-01       8.486744510610e+02 
       5.268096236104e-01       8.416715292072e+02 
       5.300532865973e-01       8.347543856640e+02 
       5.332969497270e-01       8.279141318180e+02 
       5.365406129970e-01       8.211490915431e+02 
       5.397842764046e-01       8.144651665022e+02 
       5.430279399474e-01       8.078652579606e+02 
       5.462716036229e-01       8.013597183699e+02 
       5.495152674289e-01       7.949522031132e+02 
       5.527589313631e-01       7.886397922215e+02 
       5.560025954231e-01       7.824266357370e+02 
       5.592462596067e-01       7.763083849492e+02 
       5.624899239119e-01       7.702809404857e+02 
       5.657335883366e-01       7.643454344118e+02 
       5.689772528786e-01       7.585018763426e+02 
       5.722209175360e-01       7.527507946366e+02 
       5.754645823068e-01       7.470880551928e+02 
       5.787082471891e-01       7.415095069900e+02 
       5.819519121811e-01       7.360100732966e+02 
       5.851955772809e-01       7.305827255503e+02 
       5.884392424868e-01       7.252240346620e+02 
       5.916829077969e-01       7.199331263547e+02 
       5.949265732095e-01       7.147074677399e+02 
       5.981702387231e-01       7.095502063390e+02 
       6.014139043360e-01       7.044563135953e+02 
       6.046575700464e-01       6.994286345411e+02 
       6.079012358530e-01       6.944624980407e+02 
       6.111449017542e-01       6.895550688932e+02 
       6.143885677484e-01       6.847075049874e+02 
       6.176322338341e-01       6.799190221533e+02 
       6.208759000101e-01       6.751925227328e+02 
       6.241195662747e-01       6.705280086286e+02 
       6.273632326267e-01       6.659281647115e+02 
       6.306068990648e-01       6.613908863193e+02 
       6.338505655875e-01       6.569126538449e+02 
       6.370942321935e-01       6.524923357264e+02 
       6.403378988817e-01       6.481260304521e+02 
       6.435815656508e-01       6.438144796146e+02 
       6.468252324995e-01       6.395568212317e+02 
       6.500688994267e-01       6.353528982755e+02 
       6.533125664312e-01       6.312026972349e+02 
       6.565562335117e-01       6.271027309208e+02 
       6.597999006673e-01       6.230518703295e+02 
       6.630435678969e-01       6.190458665752e+02 
       6.662872351992e-01       6.150852449921e+02 
       6.695309025733e-01       6.111690272706e+02 
       6.727745700181e-01       6.072978925905e+02 
       6.760182375326e-01       6.034729525604e+02 
       6.792619051158e-01       5.996933776524e+02 
       6.825055727668e-01       5.959572874469e+02 
       6.857492404845e-01       5.922656476661e+02 
       6.889929082680e-01       5.886146010051e+02 
       6.922365761163e-01       5.850041941178e+02 
       6.954802440287e-01       5.814346199987e+02 
       6.987239120041e-01       5.779061352850e+02 
       7.019675800418e-01       5.744193777024e+02 
       7.052112481408e-01       5.709733751102e+02 
       7.084549163003e-01       5.675671548848e+02 
       7.116985845194e-01       5.641986926625e+02 
       7.149422527974e-01       5.608671540369e+02 
       7.181859211335e-01       5.575708847031e+02 
       7.214295895268e-01       5.543095160276e+02 
       7.246732579767e-01       5.510842255487e+02 
       7.279169264823e-01       5.478949216504e+02 
       7.311605950429e-01       5.447400004627e+02 
       7.344042636577e-01       5.416198153804e+02 
       7.376479323261e-01       5.385316924716e+02 
       7.408916010474e-01       5.354758680228e+02 
       7.441352698208e-01       5.324509031714e+02 
       7.473789386457e-01       5.294570945190e+02 
       7.506226075214e-01       5.264947885846e+02 
       7.538662764472e-01       5.235644020854e+02 
       7.571099454226e-01       5.206647896511e+02 
       7.603536144468e-01       5.177963414868e+02 
       7.796303683800e-01       5.013316248988e+02 
       7.991951808535e-01       4.855968037073e+02 
       8.190622189738e-01       4.705344663367e+02 
       8.392471025203e-01       4.560951237034e+02 
       8.597666824943e-01       4.422361118847e+02 
       8.806388166909e-01       4.289161508915e+02 
       9.018821498249e-01       4.160967234649e+02 
       9.235159045894e-01       4.037431129778e+02 
       9.455596888259e-01       3.918221077096e+02 
       9.680333228047e-01       3.803043413669e+02 
       9.909566894861e-01       3.691630475980e+02 
       1.014349609574e+00       3.583737432875e+02 
       1.038231742194e+00       3.479141364161e+02 
       1.062622511120e+00       3.377634903450e+02 
       1.087541055696e+00       3.279032449426e+02 
       1.113006204862e+00       3.183167856399e+02 
       1.139036472139e+00       3.089884186293e+02 
       1.165650068971e+00       2.999042967983e+02 
       1.192864933485e+00       2.910518918492e+02 
       1.220698771599e+00       2.824196951900e+02 
       1.249169107358e+00       2.739972433416e+02 
       1.278293339521e+00       2.657754453964e+02 
       1.308088801631e+00       2.577459153639e+02 
       1.338572823148e+00       2.499013087806e+02 
       1.369762789612e+00       2.422351679001e+02 
       1.401676200240e+00       2.347418150834e+02 
       1.434330721790e+00       2.274162071970e+02 
       1.467744237947e+00       2.202540517179e+02 
       1.501934893845e+00       2.132516965949e+02 
       1.536921135683e+00       2.064060359733e+02 
       1.572721745598e+00       1.997144306046e+02 
       1.609355872190e+00       1.931747437826e+02 
       1.646843057166e+00       1.867851671821e+02 
       1.685203258672e+00       1.805442349945e+02 
       1.724456871852e+00       1.744507143186e+02 
       1.764624747202e+00       1.685035756092e+02 
       1.805728207199e+00       1.627019152869e+02 
       1.847789061645e+00       1.570449136497e+02 
       1.890829622109e+00       1.515317782414e+02 
       1.934872715754e+00       1.461617035094e+02 
       1.979941698802e+00       1.409338325256e+02 
       2.026060469840e+00       1.358472269549e+02 
       2.073253483080e+00       1.309008433057e+02 
       2.121545761715e+00       1.260935156512e+02 
       2.170962911424e+00       1.214239445216e+02 
       2.221531134100e+00       1.168906912872e+02 
       2.273277241828e+00       1.124921774057e+02 
       2.326228671158e+00       1.082266872889e+02 
       2.380413497679e+00       1.040923741337e+02 
       2.435860450925e+00       1.000872678481e+02 
       2.492598929614e+00       9.620928434637e+01 
       2.550659017244e+00       9.245623563568e+01 
       2.610071498046e+00       8.882584027289e+01 
       2.670867873303e+00       8.531573392239e+01 
       2.733080378059e+00       8.192347976626e+01 
       2.796741998208e+00       7.864657866613e+01 
       2.861886487983e+00       7.548247900550e+01 
       2.928548387856e+00       7.242858611549e+01 
       2.996763042848e+00       6.948227128624e+01 
       3.066566621273e+00       6.664088029826e+01 
       3.137996133910e+00       6.390174146896e+01 
       3.211089453635e+00       6.126217319671e+01 
       3.285885335491e+00       5.871949100034e+01 
       3.362423437246e+00       5.627101405658e+01 
       3.440744340414e+00       5.391407124898e+01 
       3.520889571776e+00       5.164600674006e+01 
       3.602901625392e+00       4.946418508437e+01 
       3.686823985141e+00       4.736599589921e+01 
       3.772701147767e+00       4.534885811144e+01 
       3.860578646480e+00       4.341022379779e+01 
       3.950503075092e+00       4.154758163655e+01 
       4.042522112725e+00       3.975845998849e+01 
       4.136684549091e+00       3.804042962472e+01 
       4.233040310361e+00       3.639110611965e+01 
       4.331640485634e+00       3.480815192707e+01 
       4.432537354029e+00       3.328927815755e+01 
       4.535784412401e+00       3.183224607526e+01 
       4.641436403706e+00       3.043486833214e+01 
       4.749549346029e+00       2.909500995691e+01 
       4.860180562283e+00       2.781058911630e+01 
       4.973388710604e+00       2.657957766508e+01 
       5.089233815449e+00       2.540000150113e+01 
       5.207777299427e+00       2.426994074116e+01 
       5.329082015863e+00       2.318752973205e+01 
       5.453212282122e+00       2.215095691207e+01 
       5.580233913714e+00       2.115846453567e+01 
       5.710214259191e+00       2.020834827478e+01 
       5.843222235852e+00       1.929895670895e+01 
       5.979328366287e+00       1.842869071579e+01 
       6.118604815767e+00       1.759600277277e+01 
       6.261125430509e+00       1.679939618050e+01 
       6.406965776831e+00       1.603742421714e+01 
       6.556203181214e+00       1.530868923296e+01 
       6.708916771305e+00       1.461184169322e+01 
       6.865187517871e+00       1.394557917726e+01 
       7.025098277731e+00       1.330864534092e+01 
       7.188733837685e+00       1.269982884889e+01 
       7.356180959475e+00       1.211796228313e+01 
       7.527528425780e+00       1.156192103290e+01 
