# Matter power spectrum P(k) at redshift z=0
# for k=1.05281e-05 to 7.52753 h/Mpc,
# number of wavenumbers equal to 698
#    1:k (h/Mpc)              2:P (Mpc/h)^3        
       1.052808673426e-05       4.927703916002e+01 
       2.352858924850e-05       1.068021511119e+02 
       3.657561012704e-05       1.632553994843e+02 
       4.970490954058e-05       2.192744257822e+02 
       6.295284960798e-05       2.752190645163e+02 
       7.635672464984e-05       3.313573067244e+02 
       8.995510218379e-05       3.879172838218e+02 
       1.037881792750e-04       4.451085392550e+02 
       1.178981588899e-04       5.031329371057e+02 
       1.323296509351e-04       5.621911389486e+02 
       1.471301026669e-04       6.224872273997e+02 
       1.623502630831e-04       6.842321983029e+02 
       1.780446857044e-04       7.476469645228e+02 
       1.942722737312e-04       8.129650819400e+02 
       2.110968708146e-04       8.804353744717e+02 
       2.285878994669e-04       9.503245018852e+02 
       2.468210472554e-04       1.022919548414e+03 
       2.658789981420e-04       1.098530617485e+03 
       2.858522023285e-04       1.177493411743e+03 
       3.068396723921e-04       1.260171780392e+03 
       3.289497859130e-04       1.346960102691e+03 
       3.523010647711e-04       1.438285416852e+03 
       3.770228884296e-04       1.534609093833e+03 
       4.032560825723e-04       1.636427827401e+03 
       4.311533055425e-04       1.744273600808e+03 
       4.608791338532e-04       1.858712321554e+03 
       4.926097263128e-04       1.980340564568e+03 
       5.265319271458e-04       2.109780012429e+03 
       5.628416567827e-04       2.247669064412e+03 
       6.017414415631e-04       2.394651065753e+03 
       6.434369587909e-04       2.551358956219e+03 
       6.881325299149e-04       2.718396172104e+03 
       7.360255881959e-04       2.896314185940e+03 
       7.873002779907e-04       3.085587534615e+03 
       8.421205003064e-04       3.286587610613e+03 
       9.006228800244e-04       3.499557673121e+03 
       9.629102586023e-04       3.724590769907e+03 
       1.029046371625e-03       3.961613726315e+03 
       1.099052320508e-03       4.210379041523e+03 
       1.172905281518e-03       4.470466176892e+03 
       1.250539634497e-03       4.741292746004e+03 
       1.331850389704e-03       5.022134242805e+03 
       1.416698510612e-03       5.312191286877e+03 
       1.504917533074e-03       5.610530450395e+03 
       1.596320800420e-03       5.916159143242e+03 
       1.690708669444e-03       6.228078523018e+03 
       1.787875165225e-03       6.545293577287e+03 
       1.887613730830e-03       6.866834968941e+03 
       1.989721890091e-03       7.191776043036e+03 
       2.094004788356e-03       7.519245363018e+03 
       2.200277682713e-03       7.848434370103e+03 
       2.308367517734e-03       8.178601636111e+03 
       2.418113751445e-03       8.509073626359e+03 
       2.529368598707e-03       8.839243817620e+03 
       2.641996845201e-03       9.168569645853e+03 
       2.755875362810e-03       9.496568247558e+03 
       2.870892432241e-03       9.822813812316e+03 
       2.986946954714e-03       1.014692887041e+04 
       3.103947613398e-03       1.046858940582e+04 
       3.221812027837e-03       1.078750399848e+04 
       3.340465930702e-03       1.110342465434e+04 
       3.459842385662e-03       1.141613529227e+04 
       3.579881057369e-03       1.172544984758e+04 
       3.700527538939e-03       1.203120771302e+04 
       3.821732738472e-03       1.233327219437e+04 
       3.943452323554e-03       1.263152906353e+04 
       4.065646221063e-03       1.292587941462e+04 
       4.188278168679e-03       1.321624305302e+04 
       4.311315313972e-03       1.350255321226e+04 
       4.434727856837e-03       1.378475681496e+04 
       4.558488731065e-03       1.406281290105e+04 
       4.682573321059e-03       1.433668835974e+04 
       4.806959209934e-03       1.460633627041e+04 
       4.931625955575e-03       1.487178848159e+04 
       5.056554891509e-03       1.513300714960e+04 
       5.181728949793e-03       1.539000415474e+04 
       5.307132503374e-03       1.564280741914e+04 
       5.432751225699e-03       1.589139371457e+04 
       5.558571965559e-03       1.613577468094e+04 
       5.684582635425e-03       1.637596304036e+04 
       5.810772111707e-03       1.661197618750e+04 
       5.937130145567e-03       1.684383839165e+04 
       6.063647283080e-03       1.707157532789e+04 
       6.190314793671e-03       1.729521311054e+04 
       6.317124605899e-03       1.751478640168e+04 
       6.444069249759e-03       1.773031614826e+04 
       6.571141804772e-03       1.794182159402e+04 
       6.698335853232e-03       1.814937923784e+04 
       6.825645438037e-03       1.835297204556e+04 
       6.953065024609e-03       1.855267123766e+04 
       7.080589466470e-03       1.874849833643e+04 
       7.208213974067e-03       1.894047160583e+04 
       7.335934086534e-03       1.912867016744e+04 
       7.463745646050e-03       1.931308343065e+04 
       7.591644774551e-03       1.949376178735e+04 
       7.719627852549e-03       1.967078125223e+04 
       7.847691499835e-03       1.984413180807e+04 
       7.975832557900e-03       2.001386639021e+04 
       8.104048073873e-03       2.018003331483e+04 
       8.232335285865e-03       2.034264916880e+04 
       8.360691609549e-03       2.050174156155e+04 
       8.489114625883e-03       2.065739682524e+04 
       8.617602069851e-03       2.080962856905e+04 
       8.746151820137e-03       2.095845009657e+04 
       8.874761889647e-03       2.110389480908e+04 
       9.003430416790e-03       2.124603917994e+04 
       9.132155657464e-03       2.138490177178e+04 
       9.260935977668e-03       2.152053644282e+04 
       9.389769846707e-03       2.165295873911e+04 
       9.518655830914e-03       2.178219508796e+04 
       9.647592587857e-03       2.190828805122e+04 
       9.776578860994e-03       2.203124463243e+04 
       9.905613474729e-03       2.215116952716e+04 
       1.003469532983e-02       2.226805866477e+04 
       1.016382339922e-02       2.238195891600e+04 
       1.029299672401e-02       2.249289430214e+04 
       1.042221440992e-02       2.260087369833e+04 
       1.055147562387e-02       2.270596251379e+04 
       1.068077959088e-02       2.280819501825e+04 
       1.081012559114e-02       2.290760225762e+04 
       1.093951295736e-02       2.300426040294e+04 
       1.106894107222e-02       2.309803145465e+04 
       1.119840936608e-02       2.318912690684e+04 
       1.132791731481e-02       2.327748618605e+04 
       1.145746443775e-02       2.336320701039e+04 
       1.158705029591e-02       2.344631855353e+04 
       1.171667449017e-02       2.352675319600e+04 
       1.184633665969e-02       2.360464725550e+04 
       1.197603648040e-02       2.367999146322e+04 
       1.210577366362e-02       2.375289914249e+04 
       1.223554795473e-02       2.382316152560e+04 
       1.236535913201e-02       2.389109449873e+04 
       1.249520700545e-02       2.395645318368e+04 
       1.262509141578e-02       2.401950915101e+04 
       1.275501223345e-02       2.408017183150e+04 
       1.288496935775e-02       2.413849331056e+04 
       1.301496271599e-02       2.419448457621e+04 
       1.314499226272e-02       2.424822070498e+04 
       1.327505797901e-02       2.429965036714e+04 
       1.340515987180e-02       2.434886998237e+04 
       1.353529797330e-02       2.439590639306e+04 
       1.366547234042e-02       2.444073498697e+04 
       1.379568305429e-02       2.448341143626e+04 
       1.392593021973e-02       2.452393085239e+04 
       1.405621396487e-02       2.456243034652e+04 
       1.418653444076e-02       2.459876687888e+04 
       1.431689182101e-02       2.463319647434e+04 
       1.444728630145e-02       2.466544661553e+04 
       1.457771809988e-02       2.469575801567e+04 
       1.470818745581e-02       2.472407636809e+04 
       1.483869463022e-02       2.475050419898e+04 
       1.496923990539e-02       2.477496477345e+04 
       1.509982358472e-02       2.479752478080e+04 
       1.523044599259e-02       2.481823181316e+04 
       1.536110747427e-02       2.483706730485e+04 
       1.549180839581e-02       2.485411962644e+04 
       1.562254914397e-02       2.486928535687e+04 
       1.575333012620e-02       2.488272278144e+04 
       1.588415177062e-02       2.489451343095e+04 
       1.601501452598e-02       2.490438095354e+04 
       1.614591886173e-02       2.491262808753e+04 
       1.627686526807e-02       2.491920951777e+04 
       1.640785425596e-02       2.492412668108e+04 
       1.653888635724e-02       2.492736833522e+04 
       1.666996212473e-02       2.492901762139e+04 
       1.680108213232e-02       2.492914248525e+04 
       1.693224697516e-02       2.492749109707e+04 
       1.706345726977e-02       2.492443272212e+04 
       1.719471365421e-02       2.491983353624e+04 
       1.732601678832e-02       2.491367703417e+04 
       1.745736735386e-02       2.490606937152e+04 
       1.758876605479e-02       2.489697923843e+04 
       1.772021361748e-02       2.488644598885e+04 
       1.785171079099e-02       2.487451958986e+04 
       1.798325834731e-02       2.486113824977e+04 
       1.811485708169e-02       2.484641242942e+04 
       1.824650781291e-02       2.483027029726e+04 
       1.837821138366e-02       2.481284238595e+04 
       1.850996866080e-02       2.479409577487e+04 
       1.864178053581e-02       2.477398858001e+04 
       1.877364792508e-02       2.475267358792e+04 
       1.890557177037e-02       2.473007215351e+04 
       1.903755303916e-02       2.470613680897e+04 
       1.916959272514e-02       2.468103006626e+04 
       1.930169184858e-02       2.465474911012e+04 
       1.943385145688e-02       2.462725925626e+04 
       1.956607262496e-02       2.459863974666e+04 
       1.969835645580e-02       2.456877476787e+04 
       1.983070408099e-02       2.453792136335e+04 
       1.996311666120e-02       2.450580720633e+04 
       2.009559538677e-02       2.447259829954e+04 
       2.022814147827e-02       2.443850746679e+04 
       2.036075618713e-02       2.440319343487e+04 
       2.049344079619e-02       2.436689239781e+04 
       2.062619662040e-02       2.432955789630e+04 
       2.075902500742e-02       2.429119495842e+04 
       2.089192733834e-02       2.425184224488e+04 
       2.102490502836e-02       2.421157663750e+04 
       2.115795952753e-02       2.417023096334e+04 
       2.129109232145e-02       2.412809865234e+04 
       2.142430493210e-02       2.408494228086e+04 
       2.155759891859e-02       2.404096271490e+04 
       2.169097587801e-02       2.399601809557e+04 
       2.182443744626e-02       2.395025502575e+04 
       2.195798529890e-02       2.390364029190e+04 
       2.209162115210e-02       2.385622129574e+04 
       2.222534676353e-02       2.380785887332e+04 
       2.235916393333e-02       2.375875393711e+04 
       2.249307450509e-02       2.370881660538e+04 
       2.262708036687e-02       2.365826670394e+04 
       2.276118345226e-02       2.360691402774e+04 
       2.289538574145e-02       2.355472284676e+04 
       2.302968926233e-02       2.350186322470e+04 
       2.316409609169e-02       2.344824015621e+04 
       2.329860835636e-02       2.339393452833e+04 
       2.343322823444e-02       2.333888736182e+04 
       2.356795795659e-02       2.328309148646e+04 
       2.370279980730e-02       2.322689195063e+04 
       2.383775612625e-02       2.316990802126e+04 
       2.397282930970e-02       2.311238309912e+04 
       2.410802181192e-02       2.305414313944e+04 
       2.424333614662e-02       2.299532616956e+04 
       2.437877488857e-02       2.293601336010e+04 
       2.451434067505e-02       2.287593533998e+04 
       2.465003620759e-02       2.281555793921e+04 
       2.478586425355e-02       2.275446179842e+04 
       2.492182764790e-02       2.269284078765e+04 
       2.505792929499e-02       2.263073120092e+04 
       2.519417217041e-02       2.256806835958e+04 
       2.533055932288e-02       2.250496821467e+04 
       2.546709387619e-02       2.244139204697e+04 
       2.560377903131e-02       2.237732212819e+04 
       2.574061806840e-02       2.231284323926e+04 
       2.587761434906e-02       2.224778545771e+04 
       2.601477131852e-02       2.218245817911e+04 
       2.615209250799e-02       2.211662041626e+04 
       2.628958153707e-02       2.205039176598e+04 
       2.642724211621e-02       2.198376858214e+04 
       2.656507804928e-02       2.191675614369e+04 
       2.670309323625e-02       2.184938641076e+04 
       2.684129167594e-02       2.178169460620e+04 
       2.697967746885e-02       2.171351610175e+04 
       2.711825482014e-02       2.164513290432e+04 
       2.725702804266e-02       2.157633099467e+04 
       2.739600156014e-02       2.150723981767e+04 
       2.753517991045e-02       2.143778513737e+04 
       2.767456774903e-02       2.136804231916e+04 
       2.781416985240e-02       2.129806852031e+04 
       2.795399112180e-02       2.122785289025e+04 
       2.809403658703e-02       2.115725784774e+04 
       2.823431141033e-02       2.108643776181e+04 
       2.837482089052e-02       2.101531990964e+04 
       2.851557046719e-02       2.094406838457e+04 
       2.865656572515e-02       2.087259316161e+04 
       2.879781239898e-02       2.080083109983e+04 
       2.893931637776e-02       2.072875833681e+04 
       2.908108371007e-02       2.065661138773e+04 
       2.922312060906e-02       2.058413165272e+04 
       2.936543345782e-02       2.051168217483e+04 
       2.950802881494e-02       2.043885220468e+04 
       2.965091342027e-02       2.036585862561e+04 
       2.979409420095e-02       2.029280642706e+04 
       2.993757827766e-02       2.021953948180e+04 
       3.008137297114e-02       2.014617624094e+04 
       3.022548580902e-02       2.007264034106e+04 
       3.036992453286e-02       1.999888750187e+04 
       3.051469710554e-02       1.992511122004e+04 
       3.065981171900e-02       1.985121613525e+04 
       3.080527680224e-02       1.977712011851e+04 
       3.095110102970e-02       1.970299313963e+04 
       3.109729333004e-02       1.962868633715e+04 
       3.124386289530e-02       1.955438140836e+04 
       3.139081919040e-02       1.947993174159e+04 
       3.153817196318e-02       1.940543910668e+04 
       3.168593125484e-02       1.933080449646e+04 
       3.183410741084e-02       1.925625182126e+04 
       3.198271109235e-02       1.918151923905e+04 
       3.213175328825e-02       1.910673934718e+04 
       3.228124532761e-02       1.903194765727e+04 
       3.243119889292e-02       1.895702144120e+04 
       3.258162603376e-02       1.888211788869e+04 
       3.273253918136e-02       1.880709515218e+04 
       3.288395116368e-02       1.873216600634e+04 
       3.303587522135e-02       1.865712522941e+04 
       3.318832502441e-02       1.858214994328e+04 
       3.334131468986e-02       1.850705182609e+04 
       3.349485880011e-02       1.843200485193e+04 
       3.364897242244e-02       1.835688284587e+04 
       3.380367112941e-02       1.828173492943e+04 
       3.395897102040e-02       1.820667661308e+04 
       3.411488874427e-02       1.813155798159e+04 
       3.427144152330e-02       1.805654348289e+04 
       3.442864717833e-02       1.798142383394e+04 
       3.458652415539e-02       1.790637521580e+04 
       3.474509155382e-02       1.783137599819e+04 
       3.490436915585e-02       1.775621536947e+04 
       3.506437745803e-02       1.768118959898e+04 
       3.522513770439e-02       1.760618191878e+04 
       3.538667192150e-02       1.753125914514e+04 
       3.554900295570e-02       1.745630852308e+04 
       3.571215451249e-02       1.738138034021e+04 
       3.587615119828e-02       1.730643226292e+04 
       3.604101856477e-02       1.723149611758e+04 
       3.620678315601e-02       1.715670716152e+04 
       3.637347255842e-02       1.708197850304e+04 
       3.654111545403e-02       1.700711271079e+04 
       3.670974167710e-02       1.693240260220e+04 
       3.687938227437e-02       1.685761813213e+04 
       3.705006956943e-02       1.678306096634e+04 
       3.722183723122e-02       1.670838543063e+04 
       3.739472034724e-02       1.663378523289e+04 
       3.756875550181e-02       1.655921436923e+04 
       3.774398085966e-02       1.648459468002e+04 
       3.792043625547e-02       1.641010925233e+04 
       3.809816328979e-02       1.633559570369e+04 
       3.827720543190e-02       1.626125615668e+04 
       3.845760813015e-02       1.618676739228e+04 
       3.863941893057e-02       1.611241763066e+04 
       3.882268760443e-02       1.603798562258e+04 
       3.900746628549e-02       1.596366399770e+04 
       3.919380961801e-02       1.588929980498e+04 
       3.938177491633e-02       1.581512259346e+04 
       3.957142233728e-02       1.574074995460e+04 
       3.976281506663e-02       1.566658237476e+04 
       3.995601952083e-02       1.559217041352e+04 
       4.015110556577e-02       1.551804942403e+04 
       4.034814675414e-02       1.544369545434e+04 
       4.054722058333e-02       1.536940937692e+04 
       4.074840877607e-02       1.529503592801e+04 
       4.095179758618e-02       1.522081632329e+04 
       4.115747813216e-02       1.514650647954e+04 
       4.136554676170e-02       1.507208567677e+04 
       4.157610545058e-02       1.499765845012e+04 
       4.178926223978e-02       1.492315201390e+04 
       4.200513171540e-02       1.484871582664e+04 
       4.222383553632e-02       1.477422509190e+04 
       4.244550301537e-02       1.469954731916e+04 
       4.267027176060e-02       1.462480992300e+04 
       4.289828838407e-02       1.454993214133e+04 
       4.312970928696e-02       1.447508449003e+04 
       4.336470153057e-02       1.440002458759e+04 
       4.360344380498e-02       1.432494736699e+04 
       4.384612750828e-02       1.424960316428e+04 
       4.409295795167e-02       1.417412126922e+04 
       4.434415570837e-02       1.409855506596e+04 
       4.459995812672e-02       1.402271467522e+04 
       4.486062103189e-02       1.394668360670e+04 
       4.512642064442e-02       1.387043959070e+04 
       4.539765574891e-02       1.379399244723e+04 
       4.567465015234e-02       1.371718765044e+04 
       4.595775547843e-02       1.364005067716e+04 
       4.624735435367e-02       1.356275340192e+04 
       4.654386405088e-02       1.348495633052e+04 
       4.684774066961e-02       1.340681656329e+04 
       4.715948394842e-02       1.332828766106e+04 
       4.747964282379e-02       1.324928086440e+04 
       4.780882187505e-02       1.316978827510e+04 
       4.814768882425e-02       1.308977671212e+04 
       4.849698329841e-02       1.300912499995e+04 
       4.885752710771e-02       1.292786261347e+04 
       4.923023635317e-02       1.284588289454e+04 
       4.961613575136e-02       1.276312028196e+04 
       5.001637565841e-02       1.267950079592e+04 
       5.043225239544e-02       1.259495236148e+04 
       5.086523262998e-02       1.250936646448e+04 
       5.131698276258e-02       1.242265159504e+04 
       5.178940451551e-02       1.233462867813e+04 
       5.228467823599e-02       1.224512762321e+04 
       5.280531582480e-02       1.215407823910e+04 
       5.335422570040e-02       1.206125672006e+04 
       5.393479282158e-02       1.196629928730e+04 
       5.455097751857e-02       1.186896843075e+04 
       5.520743769285e-02       1.176892237141e+04 
       5.590967973227e-02       1.166570562138e+04 
       5.666424399208e-02       1.155867034354e+04 
       5.747893033966e-02       1.144717632238e+04 
       5.836306687919e-02       1.133031878614e+04 
       5.932781827243e-02       1.120672157621e+04 
       6.038651484477e-02       1.107490024938e+04 
       6.155495275578e-02       1.093269275528e+04 
       6.285155837722e-02       1.077720214592e+04 
       6.429721573043e-02       1.060466120096e+04 
       6.591442692095e-02       1.041012116531e+04 
       6.772536504061e-02       1.018743589935e+04 
       6.974845190298e-02       9.929601364483e+03 
       7.199363781737e-02       9.629757354461e+03 
       7.445772995929e-02       9.282727248239e+03 
       7.712227928450e-02       8.888149872669e+03 
       7.995611717972e-02       8.451604211159e+03 
       8.292194072178e-02       7.985529960995e+03 
       8.598362996609e-02       7.506801417481e+03 
       8.911109975604e-02       7.034150217673e+03 
       9.228184897169e-02       6.585071521894e+03 
       9.548025705631e-02       6.173312203717e+03 
       9.869600568966e-02       5.808233516596e+03 
       1.019224944495e-01       5.494148088388e+03 
       1.051555859662e-01       5.230958593725e+03 
       1.083927192533e-01       5.014717205881e+03 
       1.116323212577e-01       4.838849063563e+03 
       1.148734302181e-01       4.694775964303e+03 
       1.181154596976e-01       4.572912838184e+03 
       1.213580526293e-01       4.463609977578e+03 
       1.246009917293e-01       4.357904460190e+03 
       1.278441447621e-01       4.248401554221e+03 
       1.310874311924e-01       4.129721582486e+03 
       1.343308019012e-01       3.998974558294e+03 
       1.375742268593e-01       3.855719988200e+03 
       1.408176876415e-01       3.701765456108e+03 
       1.440611728803e-01       3.540520876911e+03 
       1.473046755061e-01       3.376661538262e+03 
       1.505481910708e-01       3.215076983722e+03 
       1.537917167296e-01       3.060399920761e+03 
       1.570352506218e-01       2.916604972371e+03 
       1.602787914944e-01       2.786553359077e+03 
       1.635223384726e-01       2.671813610999e+03 
       1.667658909192e-01       2.572769011467e+03 
       1.700094483497e-01       2.488709417561e+03 
       1.732530103789e-01       2.417927208070e+03 
       1.764965766884e-01       2.358058084859e+03 
       1.797401470065e-01       2.306298797910e+03 
       1.829837210949e-01       2.259640802377e+03 
       1.862272987410e-01       2.215668310197e+03 
       1.894708797519e-01       2.171655254963e+03 
       1.927144639511e-01       2.125329260724e+03 
       1.959580511759e-01       2.075317986949e+03 
       1.992016412752e-01       2.020997796177e+03 
       2.024452341087e-01       1.962541915376e+03 
       2.056888295453e-01       1.900806229806e+03 
       2.089324274625e-01       1.837109557018e+03 
       2.121760277452e-01       1.773007410027e+03 
       2.154196302858e-01       1.710054704098e+03 
       2.186632349829e-01       1.649641217225e+03 
       2.219068417411e-01       1.592835880661e+03 
       2.251504504708e-01       1.540453673982e+03 
       2.283940610873e-01       1.492892809035e+03 
       2.316376735108e-01       1.450329817927e+03 
       2.348812876660e-01       1.412573950181e+03 
       2.381249034815e-01       1.379181782232e+03 
       2.413685208900e-01       1.349469082172e+03 
       2.446121398277e-01       1.322541916381e+03 
       2.478557602341e-01       1.297484654019e+03 
       2.510993820521e-01       1.273353399968e+03 
       2.543430052272e-01       1.249364463884e+03 
       2.575866297078e-01       1.224904503031e+03 
       2.608302554450e-01       1.199578011421e+03 
       2.640738823922e-01       1.173203801690e+03 
       2.673175105050e-01       1.145790896264e+03 
       2.705611397413e-01       1.117502284143e+03 
       2.738047700609e-01       1.088659235986e+03 
       2.770484014255e-01       1.059658820743e+03 
       2.802920337987e-01       1.030975515778e+03 
       2.835356671457e-01       1.003078493092e+03 
       2.867793014331e-01       9.763900496439e+02 
       2.900229366294e-01       9.512261300534e+02 
       2.932665727041e-01       9.277907821662e+02 
       2.965102096283e-01       9.061203675656e+02 
       2.997538473742e-01       8.861673119806e+02 
       3.029974859154e-01       8.677550898050e+02 
       3.062411252264e-01       8.506544087887e+02 
       3.094847652829e-01       8.346151539425e+02 
       3.127284060616e-01       8.193733004082e+02 
       3.159720475401e-01       8.046578693414e+02 
       3.192156896969e-01       7.902208872630e+02 
       3.224593325116e-01       7.758516207244e+02 
       3.257029759643e-01       7.613852994417e+02 
       3.289466200362e-01       7.467303655431e+02 
       3.321902647088e-01       7.318608908455e+02 
       3.354339099649e-01       7.168279525335e+02 
       3.386775557874e-01       7.017326412578e+02 
       3.419212021603e-01       6.866968159448e+02 
       3.451648490679e-01       6.718644506708e+02 
       3.484084964952e-01       6.573561446529e+02 
       3.516521444277e-01       6.432763595524e+02 
       3.548957928517e-01       6.297219612206e+02 
       3.581394417535e-01       6.167574151783e+02 
       3.613830911204e-01       6.044220024028e+02 
       3.646267409399e-01       5.927249792915e+02 
       3.678703911999e-01       5.816433335034e+02 
       3.711140418888e-01       5.711146430390e+02 
       3.743576929954e-01       5.610554629952e+02 
       3.776013445089e-01       5.513691344162e+02 
       3.808449964190e-01       5.419593485003e+02 
       3.840886487154e-01       5.327445874325e+02 
       3.873323013885e-01       5.236593570338e+02 
       3.905759544287e-01       5.146628941113e+02 
       3.938196078271e-01       5.057267212828e+02 
       3.970632615748e-01       4.968399314306e+02 
       4.003069156633e-01       4.879989575360e+02 
       4.035505700843e-01       4.792173450449e+02 
       4.067942248298e-01       4.705123983119e+02 
       4.100378798922e-01       4.619218881000e+02 
       4.132815352638e-01       4.534816684265e+02 
       4.165251909375e-01       4.452332039362e+02 
       4.197688469062e-01       4.372081574076e+02 
       4.230125031632e-01       4.294278671345e+02 
       4.262561597018e-01       4.218923530827e+02 
       4.294998165156e-01       4.146051390130e+02 
       4.327434735984e-01       4.075565890439e+02 
       4.359871309441e-01       4.007318853220e+02 
       4.392307885470e-01       3.941197593498e+02 
       4.424744464013e-01       3.877053729545e+02 
       4.457181045016e-01       3.814690373816e+02 
       4.489617628425e-01       3.753831998828e+02 
       4.522054214187e-01       3.694287051710e+02 
       4.554490802253e-01       3.635727057576e+02 
       4.586927392574e-01       3.577994896814e+02 
       4.619363985101e-01       3.520970608524e+02 
       4.651800579789e-01       3.464608222449e+02 
       4.684237176592e-01       3.408933206879e+02 
       4.716673775467e-01       3.354013541604e+02 
       4.749110376371e-01       3.299871876171e+02 
       4.781546979262e-01       3.246581329066e+02 
       4.813983584101e-01       3.194159523041e+02 
       4.846420190848e-01       3.142743294340e+02 
       4.878856799464e-01       3.092354180497e+02 
       4.911293409914e-01       3.043124165440e+02 
       4.943730022160e-01       2.995155926681e+02 
       4.976166636167e-01       2.948447554922e+02 
       5.008603251901e-01       2.902976576822e+02 
       5.041039869329e-01       2.858659747890e+02 
       5.073476488417e-01       2.815396336776e+02 
       5.105913109135e-01       2.773076183828e+02 
       5.138349731451e-01       2.731615141677e+02 
       5.170786355335e-01       2.690943657187e+02 
       5.203222980757e-01       2.651010073134e+02 
       5.235659607690e-01       2.611746869553e+02 
       5.268096236104e-01       2.573095605675e+02 
       5.300532865973e-01       2.535026968655e+02 
       5.332969497270e-01       2.497474177493e+02 
       5.365406129970e-01       2.460421685983e+02 
       5.397842764046e-01       2.423908944313e+02 
       5.430279399474e-01       2.387954573905e+02 
       5.462716036229e-01       2.352632386863e+02 
       5.495152674289e-01       2.317968639799e+02 
       5.527589313631e-01       2.283941830085e+02 
       5.560025954231e-01       2.250582833502e+02 
       5.592462596067e-01       2.217860045153e+02 
       5.624899239119e-01       2.185743424503e+02 
       5.657335883366e-01       2.154242022633e+02 
       5.689772528786e-01       2.123356852554e+02 
       5.722209175360e-01       2.093093159209e+02 
       5.754645823068e-01       2.063420941697e+02 
       5.787082471891e-01       2.034309734685e+02 
       5.819519121811e-01       2.005721577388e+02 
       5.851955772809e-01       1.977602863373e+02 
       5.884392424868e-01       1.949927180768e+02 
       5.916829077969e-01       1.922687805895e+02 
       5.949265732095e-01       1.895865038204e+02 
       5.981702387231e-01       1.869483910303e+02 
       6.014139043360e-01       1.843505167764e+02 
       6.046575700464e-01       1.817951863415e+02 
       6.079012358530e-01       1.792787336962e+02 
       6.111449017542e-01       1.767989166600e+02 
       6.143885677484e-01       1.743567057705e+02 
       6.176322338341e-01       1.719515244667e+02 
       6.208759000101e-01       1.695858271730e+02 
       6.241195662747e-01       1.672597448838e+02 
       6.273632326267e-01       1.649756547149e+02 
       6.306068990648e-01       1.627320053691e+02 
       6.338505655875e-01       1.605260391675e+02 
       6.370942321935e-01       1.583569670422e+02 
       6.403378988817e-01       1.562216461394e+02 
       6.435815656508e-01       1.541208392956e+02 
       6.468252324995e-01       1.520539642256e+02 
       6.500688994267e-01       1.500210473236e+02 
       6.533125664312e-01       1.480222533129e+02 
       6.565562335117e-01       1.460547300603e+02 
       6.597999006673e-01       1.441176425882e+02 
       6.630435678969e-01       1.422073919032e+02 
       6.662872351992e-01       1.403245486867e+02 
       6.695309025733e-01       1.384683643000e+02 
       6.727745700181e-01       1.366395740541e+02 
       6.760182375326e-01       1.348393331556e+02 
       6.792619051158e-01       1.330670683840e+02 
       6.825055727668e-01       1.313212403489e+02 
       6.857492404845e-01       1.296029045980e+02 
       6.889929082680e-01       1.279086807211e+02 
       6.922365761163e-01       1.262387560002e+02 
       6.954802440287e-01       1.245934690600e+02 
       6.987239120041e-01       1.229732361931e+02 
       7.019675800418e-01       1.213788552443e+02 
       7.052112481408e-01       1.198096127578e+02 
       7.084549163003e-01       1.182647848455e+02 
       7.116985845194e-01       1.167426180898e+02 
       7.149422527974e-01       1.152424820816e+02 
       7.181859211335e-01       1.137629331009e+02 
       7.214295895268e-01       1.123037672995e+02 
       7.246732579767e-01       1.108663200985e+02 
       7.279169264823e-01       1.094506990017e+02 
       7.311605950429e-01       1.080554977535e+02 
       7.344042636577e-01       1.066812642054e+02 
       7.376479323261e-01       1.053254769202e+02 
       7.408916010474e-01       1.039885439047e+02 
       7.441352698208e-01       1.026691572881e+02 
       7.473789386457e-01       1.013677874911e+02 
       7.506226075214e-01       1.000849760609e+02 
       7.538662764472e-01       9.882135924550e+01 
       7.571099454226e-01       9.757593557274e+01 
       7.603536144468e-01       9.634932501580e+01 
       7.796303683800e-01       8.939287966888e+01 
       7.991951808535e-01       8.289728500719e+01 
       8.190622189738e-01       7.682328899098e+01 
       8.392471025203e-01       7.113891089452e+01 
       8.597666824943e-01       6.581900955513e+01 
       8.806388166909e-01       6.083865997154e+01 
       9.018821498249e-01       5.617458373263e+01 
       9.235159045894e-01       5.180665465325e+01 
       9.455596888259e-01       4.771447909728e+01 
       9.680333228047e-01       4.388100453707e+01 
       9.909566894861e-01       4.029088614286e+01 
       1.014349609574e+00       3.693010795045e+01 
       1.038231742194e+00       3.378599541606e+01 
       1.062622511120e+00       3.084602677105e+01 
       1.087541055696e+00       2.809929931703e+01 
       1.113006204862e+00       2.553648239231e+01 
       1.139036472139e+00       2.314738962401e+01 
       1.165650068971e+00       2.092353724229e+01 
       1.192864933485e+00       1.885712352294e+01 
       1.220698771599e+00       1.694022265794e+01 
       1.249169107358e+00       1.516486952619e+01 
       1.278293339521e+00       1.352472774143e+01 
       1.308088801631e+00       1.201261225119e+01 
       1.338572823148e+00       1.062211908112e+01 
       1.369762789612e+00       9.347330517488e+00 
       1.401676200240e+00       8.182581412926e+00 
       1.434330721790e+00       7.121639651226e+00 
       1.467744237947e+00       6.158863306232e+00 
       1.501934893845e+00       5.288975804230e+00 
       1.536921135683e+00       4.506746763677e+00 
       1.572721745598e+00       3.806541611010e+00 
       1.609355872190e+00       3.183734376779e+00 
       1.646843057166e+00       2.633058827346e+00 
       1.685203258672e+00       2.149894446628e+00 
       1.724456871852e+00       1.729299205033e+00 
       1.764624747202e+00       1.366768541630e+00 
       1.805728207199e+00       1.057671424117e+00 
       1.847789061645e+00       7.976960058202e-01 
       1.890829622109e+00       5.825469983384e-01 
       1.934872715754e+00       4.080966037817e-01 
       1.979941698802e+00       2.703131001571e-01 
       2.026060469840e+00       1.652941373393e-01 
       2.073253483080e+00       8.928477265157e-02 
       2.121545761715e+00       3.868514278970e-02 
       2.170962911424e+00       1.005428677550e-02 
       2.221531134100e+00       9.163800502690e-05 
       2.273277241828e+00       5.686543793402e-03 
       2.326228671158e+00       2.391363233720e-02 
       2.380413497679e+00       5.203639018170e-02 
       2.435860450925e+00       8.751552120280e-02 
       2.492598929614e+00       1.280218795045e-01 
       2.550659017244e+00       1.714414368936e-01 
       2.610071498046e+00       2.158571241976e-01 
       2.670867873303e+00       2.595861896419e-01 
       2.733080378059e+00       3.011767498763e-01 
       2.796741998208e+00       3.393798360810e-01 
       2.861886487983e+00       3.732133965123e-01 
       2.928548387856e+00       4.018734837897e-01 
       2.996763042848e+00       4.247924752492e-01 
       3.066566621273e+00       4.415977435190e-01 
       3.137996133910e+00       4.521025978402e-01 
       3.211089453635e+00       4.562867288791e-01 
       3.285885335491e+00       4.543377761787e-01 
       3.362423437246e+00       4.465671809077e-01 
       3.440744340414e+00       4.334376931317e-01 
       3.520889571776e+00       4.154953824849e-01 
       3.602901625392e+00       3.934179145582e-01 
       3.686823985141e+00       3.678694981529e-01 
       3.772701147767e+00       3.395983389776e-01 
       3.860578646480e+00       3.093996609598e-01 
       3.950503075092e+00       2.780265890511e-01 
       4.042522112725e+00       2.462404855900e-01 
       4.136684549091e+00       2.147424622160e-01 
       4.233040310361e+00       1.841509549405e-01 
       4.331640485634e+00       1.550417792195e-01 
       4.432537354029e+00       1.278914047328e-01 
       4.535784412401e+00       1.030890003831e-01 
       4.641436403706e+00       8.091650020017e-02 
       4.749549346029e+00       6.155411513899e-02 
       4.860180562283e+00       4.507558067830e-02 
       4.973388710604e+00       3.146859984243e-02 
       5.089233815449e+00       2.063754525565e-02 
       5.207777299427e+00       1.240421196529e-02 
       5.329082015863e+00       6.524872583115e-03 
       5.453212282122e+00       2.713711759438e-03 
       5.580233913714e+00       6.516823459029e-04 
       5.710214259191e+00       1.565991028978e-06 
       5.843222235852e+00       4.244517749535e-04 
       5.979328366287e+00       1.595315694140e-03 
       6.118604815767e+00       3.213795955008e-03 
       6.261125430509e+00       5.013099307019e-03 
       6.406965776831e+00       6.772749555505e-03 
       6.556203181214e+00       8.319114840299e-03 
       6.708916771305e+00       9.526798107483e-03 
       6.865187517871e+00       1.031899824223e-02 
       7.025098277731e+00       1.066933075028e-02 
       7.188733837685e+00       1.058700800462e-02 
       7.356180959475e+00       1.011279876443e-02 
       7.527528425780e+00       9.317127648493e-03 
