# Matter power spectrum P(k) at redshift z=0
# for k=1.05281e-05 to 5.08923 h/Mpc,
# number of wavenumbers equal to 681
#    1:k (h/Mpc)              2:P (Mpc/h)^3        
       1.052808673426e-05       4.927702354098e+01 
       2.352858924850e-05       1.068021023544e+02 
       3.657561012704e-05       1.632553884334e+02 
       4.970490954058e-05       2.192743756904e+02 
       6.295284960798e-05       2.752190130784e+02 
       7.635672464984e-05       3.313573050975e+02 
       8.995510218379e-05       3.879172357612e+02 
       1.037881792750e-04       4.451085257195e+02 
       1.178981588899e-04       5.031329376198e+02 
       1.323296509351e-04       5.621910922811e+02 
       1.471301026669e-04       6.224871830903e+02 
       1.623502630831e-04       6.842321576789e+02 
       1.780446857044e-04       7.476469211058e+02 
       1.942722737312e-04       8.129650410564e+02 
       2.110968708146e-04       8.804353307384e+02 
       2.285878994669e-04       9.503244530288e+02 
       2.468210472554e-04       1.022919497511e+03 
       2.658789981420e-04       1.098530556142e+03 
       2.858522023285e-04       1.177493336333e+03 
       3.068396723921e-04       1.260171685827e+03 
       3.289497859130e-04       1.346959988477e+03 
       3.523010647711e-04       1.438285259000e+03 
       3.770228884296e-04       1.534608895645e+03 
       4.032560825723e-04       1.636427555762e+03 
       4.311533055425e-04       1.744273251457e+03 
       4.608791338532e-04       1.858711859199e+03 
       4.926097263128e-04       1.980339919269e+03 
       5.265319271458e-04       2.109779195828e+03 
       5.628416567827e-04       2.247667890723e+03 
       6.017414415631e-04       2.394649488083e+03 
       6.434369587909e-04       2.551356793979e+03 
       6.881325299149e-04       2.718393268938e+03 
       7.360255881959e-04       2.896310169970e+03 
       7.873002779907e-04       3.085581996810e+03 
       8.421205003064e-04       3.286580049105e+03 
       9.006228800244e-04       3.499547365964e+03 
       9.629102586023e-04       3.724576703678e+03 
       1.029046371625e-03       3.961594615199e+03 
       1.099052320508e-03       4.210353079051e+03 
       1.172905281518e-03       4.470431285486e+03 
       1.250539634497e-03       4.741245913585e+03 
       1.331850389704e-03       5.022071740950e+03 
       1.416698510612e-03       5.312107891996e+03 
       1.504917533074e-03       5.610420119150e+03 
       1.596320800420e-03       5.916014329105e+03 
       1.690708669444e-03       6.227890015633e+03 
       1.787875165225e-03       6.545050344453e+03 
       1.887613730830e-03       6.866523845849e+03 
       1.989721890091e-03       7.191381538005e+03 
       2.094004788356e-03       7.518749397347e+03 
       2.200277682713e-03       7.847815711194e+03 
       2.308367517734e-03       8.177836208903e+03 
       2.418113751445e-03       8.508133867358e+03 
       2.529368598707e-03       8.838098390701e+03 
       2.641996845201e-03       9.167183319564e+03 
       2.755875362810e-03       9.494902236311e+03 
       2.870892432241e-03       9.820824087740e+03 
       2.986946954714e-03       1.014456940516e+04 
       3.103947613398e-03       1.046580437951e+04 
       3.221812027837e-03       1.078423691782e+04 
       3.340465930702e-03       1.109961306532e+04 
       3.459842385662e-03       1.141171075644e+04 
       3.579881057369e-03       1.172033831930e+04 
       3.700527538939e-03       1.202533070020e+04 
       3.821732738472e-03       1.232654537126e+04 
       3.943452323554e-03       1.262385964839e+04 
       4.065646221063e-03       1.291717250748e+04 
       4.188278168679e-03       1.320639460074e+04 
       4.311315313972e-03       1.349145471750e+04 
       4.434727856837e-03       1.377229216268e+04 
       4.558488731065e-03       1.404886053765e+04 
       4.682573321059e-03       1.432111861218e+04 
       4.806959209934e-03       1.458902432767e+04 
       4.931625955575e-03       1.485257695606e+04 
       5.056554891509e-03       1.511172908970e+04 
       5.181728949793e-03       1.536646009113e+04 
       5.307132503374e-03       1.561676953393e+04 
       5.432751225699e-03       1.586266431720e+04 
       5.558571965559e-03       1.610415419731e+04 
       5.684582635425e-03       1.634123589573e+04 
       5.810772111707e-03       1.657419752784e+04 
       5.937130145567e-03       1.680296580083e+04 
       6.063647283080e-03       1.702739114834e+04 
       6.190314793671e-03       1.724733008600e+04 
       6.317124605899e-03       1.746299497607e+04 
       6.444069249759e-03       1.767432784212e+04 
       6.571141804772e-03       1.788148551510e+04 
       6.698335853232e-03       1.808435062212e+04 
       6.825645438037e-03       1.828304214854e+04 
       6.953065024609e-03       1.847705354841e+04 
       7.080589466470e-03       1.866757770795e+04 
       7.208213974067e-03       1.885460187302e+04 
       7.335934086534e-03       1.903679516791e+04 
       7.463745646050e-03       1.921487072315e+04 
       7.591644774551e-03       1.938954127806e+04 
       7.719627852549e-03       1.955963391312e+04 
       7.847691499835e-03       1.972596378712e+04 
       7.975832557900e-03       1.988813792019e+04 
       8.104048073873e-03       2.004685349516e+04 
       8.232335285865e-03       2.020212428394e+04 
       8.360691609549e-03       2.035292190807e+04 
       8.489114625883e-03       2.049996945882e+04 
       8.617602069851e-03       2.064321789480e+04 
       8.746151820137e-03       2.078274492722e+04 
       8.874761889647e-03       2.091861139175e+04 
       9.003430416790e-03       2.105077436164e+04 
       9.132155657464e-03       2.117921449590e+04 
       9.260935977668e-03       2.130407688920e+04 
       9.389769846707e-03       2.142539964554e+04 
       9.518655830914e-03       2.154253786842e+04 
       9.647592587857e-03       2.165662366641e+04 
       9.776578860994e-03       2.176813190144e+04 
       9.905613474729e-03       2.187540629106e+04 
       1.003469532983e-02       2.197857712427e+04 
       1.016382339922e-02       2.207867393948e+04 
       1.029299672401e-02       2.217683232668e+04 
       1.042221440992e-02       2.227008606803e+04 
       1.055147562387e-02       2.236055131748e+04 
       1.068077959088e-02       2.244730151447e+04 
       1.081012559114e-02       2.253104142940e+04 
       1.093951295736e-02       2.261170546880e+04 
       1.106894107222e-02       2.268938962675e+04 
       1.119840936608e-02       2.276365694115e+04 
       1.132791731481e-02       2.283499105050e+04 
       1.145746443775e-02       2.290280479103e+04 
       1.158705029591e-02       2.296804078493e+04 
       1.171667449017e-02       2.302940827873e+04 
       1.184633665969e-02       2.308932261963e+04 
       1.197603648040e-02       2.314498514170e+04 
       1.210577366362e-02       2.319705325231e+04 
       1.223554795473e-02       2.324673432193e+04 
       1.236535913201e-02       2.329367861363e+04 
       1.249520700545e-02       2.333795001097e+04 
       1.262509141578e-02       2.337861999099e+04 
       1.275501223345e-02       2.341719796271e+04 
       1.288496935775e-02       2.345285352676e+04 
       1.301496271599e-02       2.348643747638e+04 
       1.314499226272e-02       2.351627693468e+04 
       1.327505797901e-02       2.354265338149e+04 
       1.340515987180e-02       2.356699220338e+04 
       1.353529797330e-02       2.358966418804e+04 
       1.366547234042e-02       2.360779346932e+04 
       1.379568305429e-02       2.362436898981e+04 
       1.392593021973e-02       2.363807312317e+04 
       1.405621396487e-02       2.364915291445e+04 
       1.418653444076e-02       2.365771434517e+04 
       1.431689182101e-02       2.366390229870e+04 
       1.444728630145e-02       2.366725023916e+04 
       1.457771809988e-02       2.366849792304e+04 
       1.470818745581e-02       2.366740847560e+04 
       1.483869463022e-02       2.366311946242e+04 
       1.496923990539e-02       2.365680934257e+04 
       1.509982358472e-02       2.364806898305e+04 
       1.523044599259e-02       2.363678586787e+04 
       1.536110747427e-02       2.362341673874e+04 
       1.549180839581e-02       2.360768767733e+04 
       1.562254914397e-02       2.358987503797e+04 
       1.575333012620e-02       2.356891189395e+04 
       1.588415177062e-02       2.354651054620e+04 
       1.601501452598e-02       2.352145184887e+04 
       1.614591886173e-02       2.349423406007e+04 
       1.627686526807e-02       2.346498070227e+04 
       1.640785425596e-02       2.343330027446e+04 
       1.653888635724e-02       2.339966417255e+04 
       1.666996212473e-02       2.336442270755e+04 
       1.680108213232e-02       2.332637285381e+04 
       1.693224697516e-02       2.328619898674e+04 
       1.706345726977e-02       2.324428145400e+04 
       1.719471365421e-02       2.320027921090e+04 
       1.732601678832e-02       2.315379210094e+04 
       1.745736735386e-02       2.310585512500e+04 
       1.758876605479e-02       2.305563236199e+04 
       1.772021361748e-02       2.300391068470e+04 
       1.785171079099e-02       2.294981914373e+04 
       1.798325834731e-02       2.289397037125e+04 
       1.811485708169e-02       2.283670094416e+04 
       1.824650781291e-02       2.277681935509e+04 
       1.837821138366e-02       2.271570538101e+04 
       1.850996866080e-02       2.265232143317e+04 
       1.864178053581e-02       2.258753210157e+04 
       1.877364792508e-02       2.252084270108e+04 
       1.890557177037e-02       2.245235288202e+04 
       1.903755303916e-02       2.238221298840e+04 
       1.916959272514e-02       2.231035666220e+04 
       1.930169184858e-02       2.223681696455e+04 
       1.943385145688e-02       2.216147135062e+04 
       1.956607262496e-02       2.208473480385e+04 
       1.969835645580e-02       2.200609168277e+04 
       1.983070408099e-02       2.192620792802e+04 
       1.996311666120e-02       2.184470297518e+04 
       2.009559538677e-02       2.176154931357e+04 
       2.022814147827e-02       2.167687402114e+04 
       2.036075618713e-02       2.159077177186e+04 
       2.049344079619e-02       2.150319962255e+04 
       2.062619662040e-02       2.141421696047e+04 
       2.075902500742e-02       2.132367331786e+04 
       2.089192733834e-02       2.123173388624e+04 
       2.102490502836e-02       2.113834403427e+04 
       2.115795952753e-02       2.104380703529e+04 
       2.129109232145e-02       2.094781485243e+04 
       2.142430493210e-02       2.085050777793e+04 
       2.155759891859e-02       2.075189810943e+04 
       2.169097587801e-02       2.065190171930e+04 
       2.182443744626e-02       2.055074266442e+04 
       2.195798529890e-02       2.044830182727e+04 
       2.209162115210e-02       2.034465710494e+04 
       2.222534676353e-02       2.023994902105e+04 
       2.235916393333e-02       2.013390682647e+04 
       2.249307450509e-02       2.002679493334e+04 
       2.262708036687e-02       1.991850412316e+04 
       2.276118345226e-02       1.980908290638e+04 
       2.289538574145e-02       1.969864373735e+04 
       2.302968926233e-02       1.958716390395e+04 
       2.316409609169e-02       1.947449751802e+04 
       2.329860835636e-02       1.936090596320e+04 
       2.343322823444e-02       1.924625644047e+04 
       2.356795795659e-02       1.913063553820e+04 
       2.370279980730e-02       1.901404501313e+04 
       2.383775612625e-02       1.889648187153e+04 
       2.397282930970e-02       1.877801571663e+04 
       2.410802181192e-02       1.865866447891e+04 
       2.424333614662e-02       1.853839718865e+04 
       2.437877488857e-02       1.841726921539e+04 
       2.451434067505e-02       1.829529807664e+04 
       2.465003620759e-02       1.817252192596e+04 
       2.478586425355e-02       1.804894282808e+04 
       2.492182764790e-02       1.792462050688e+04 
       2.505792929499e-02       1.779944301008e+04 
       2.519417217041e-02       1.767341621697e+04 
       2.533055932288e-02       1.754678848537e+04 
       2.546709387619e-02       1.741947147648e+04 
       2.560377903131e-02       1.729144498246e+04 
       2.574061806840e-02       1.716278905459e+04 
       2.587761434906e-02       1.703338707630e+04 
       2.601477131852e-02       1.690338021546e+04 
       2.615209250799e-02       1.677282676173e+04 
       2.628958153707e-02       1.664159573888e+04 
       2.642724211621e-02       1.650982007919e+04 
       2.656507804928e-02       1.637739863974e+04 
       2.670309323625e-02       1.624457414643e+04 
       2.684129167594e-02       1.611116762095e+04 
       2.697967746885e-02       1.597724524478e+04 
       2.711825482014e-02       1.584289446843e+04 
       2.725702804266e-02       1.570800456044e+04 
       2.739600156014e-02       1.557266436018e+04 
       2.753517991045e-02       1.543692742194e+04 
       2.767456774903e-02       1.530081105913e+04 
       2.781416985240e-02       1.516419040892e+04 
       2.795399112180e-02       1.502726764427e+04 
       2.809403658703e-02       1.488992623617e+04 
       2.823431141033e-02       1.475228779058e+04 
       2.837482089052e-02       1.461429880224e+04 
       2.851557046719e-02       1.447606870371e+04 
       2.865656572515e-02       1.433740536405e+04 
       2.879781239898e-02       1.419849931990e+04 
       2.893931637776e-02       1.405942439873e+04 
       2.908108371007e-02       1.392005684116e+04 
       2.922312060906e-02       1.378040617735e+04 
       2.936543345782e-02       1.364059285871e+04 
       2.950802881494e-02       1.350050151060e+04 
       2.965091342027e-02       1.336017711054e+04 
       2.979409420095e-02       1.321981516361e+04 
       2.993757827766e-02       1.307942311491e+04 
       3.008137297114e-02       1.293871630959e+04 
       3.022548580902e-02       1.279800043680e+04 
       3.036992453286e-02       1.265704348125e+04 
       3.051469710554e-02       1.251607684980e+04 
       3.065981171900e-02       1.237500844162e+04 
       3.080527680224e-02       1.223391080892e+04 
       3.095110102970e-02       1.209265865026e+04 
       3.109729333004e-02       1.195156174695e+04 
       3.124386289530e-02       1.181032350168e+04 
       3.139081919040e-02       1.166906051400e+04 
       3.153817196318e-02       1.152787528233e+04 
       3.168593125484e-02       1.138665982278e+04 
       3.183410741084e-02       1.124547768086e+04 
       3.198271109235e-02       1.110437515607e+04 
       3.213175328825e-02       1.096324754526e+04 
       3.228124532761e-02       1.082227778008e+04 
       3.243119889292e-02       1.068149263212e+04 
       3.258162603376e-02       1.054076137110e+04 
       3.273253918136e-02       1.040009117133e+04 
       3.288395116368e-02       1.025951696324e+04 
       3.303587522135e-02       1.011924232361e+04 
       3.318832502441e-02       9.979010011777e+03 
       3.334131468986e-02       9.838984113060e+03 
       3.349485880011e-02       9.699160797801e+03 
       3.364897242244e-02       9.559385536091e+03 
       3.380367112941e-02       9.419974893875e+03 
       3.395897102040e-02       9.280798242284e+03 
       3.411488874427e-02       9.141758073613e+03 
       3.427144152330e-02       9.002967785710e+03 
       3.442864717833e-02       8.864486208351e+03 
       3.458652415539e-02       8.726184714384e+03 
       3.474509155382e-02       8.588201429336e+03 
       3.490436915585e-02       8.450490808725e+03 
       3.506437745803e-02       8.313171810416e+03 
       3.522513770439e-02       8.176140762268e+03 
       3.538667192150e-02       8.039447318907e+03 
       3.554900295570e-02       7.903052232696e+03 
       3.571215451249e-02       7.767016588115e+03 
       3.587615119828e-02       7.631303474703e+03 
       3.604101856477e-02       7.495972882267e+03 
       3.620678315601e-02       7.361033972533e+03 
       3.637347255842e-02       7.226435498098e+03 
       3.654111545403e-02       7.092327634015e+03 
       3.670974167710e-02       6.958568540822e+03 
       3.687938227437e-02       6.825292853175e+03 
       3.705006956943e-02       6.692423718124e+03 
       3.722183723122e-02       6.560009199431e+03 
       3.739472034724e-02       6.428013374397e+03 
       3.756875550181e-02       6.296527979888e+03 
       3.774398085966e-02       6.165544922591e+03 
       3.792043625547e-02       6.034997448260e+03 
       3.809816328979e-02       5.904967281435e+03 
       3.827720543190e-02       5.775482431400e+03 
       3.845760813015e-02       5.646536053367e+03 
       3.863941893057e-02       5.518069626419e+03 
       3.882268760443e-02       5.390211847057e+03 
       3.900746628549e-02       5.262917764698e+03 
       3.919380961801e-02       5.136165252191e+03 
       3.938177491633e-02       5.009987956815e+03 
       3.957142233728e-02       4.884517751083e+03 
       3.976281506663e-02       4.759562439238e+03 
       3.995601952083e-02       4.635211921999e+03 
       4.015110556577e-02       4.511562205913e+03 
       4.034814675414e-02       4.388539782904e+03 
       4.054722058333e-02       4.266209345098e+03 
       4.074840877607e-02       4.144557013084e+03 
       4.095179758618e-02       4.023640619358e+03 
       4.115747813216e-02       3.903379857353e+03 
       4.136554676170e-02       3.783943114075e+03 
       4.157610545058e-02       3.665187386810e+03 
       4.178926223978e-02       3.547244809609e+03 
       4.200513171540e-02       3.430066891387e+03 
       4.222383553632e-02       3.313704194009e+03 
       4.244550301537e-02       3.198259033607e+03 
       4.267027176060e-02       3.083579591329e+03 
       4.289828838407e-02       2.969792133861e+03 
       4.312970928696e-02       2.856976238407e+03 
       4.336470153057e-02       2.745048093884e+03 
       4.360344380498e-02       2.634101329565e+03 
       4.384612750828e-02       2.524172378386e+03 
       4.409295795167e-02       2.415269047166e+03 
       4.434415570837e-02       2.307390477700e+03 
       4.459995812672e-02       2.200689629122e+03 
       4.486062103189e-02       2.095073871996e+03 
       4.512642064442e-02       1.990724989567e+03 
       4.539765574891e-02       1.887576207911e+03 
       4.567465015234e-02       1.785774583425e+03 
       4.595775547843e-02       1.685258406755e+03 
       4.624735435367e-02       1.586230242563e+03 
       4.654386405088e-02       1.488666044280e+03 
       4.684774066961e-02       1.392653357290e+03 
       4.715948394842e-02       1.298321827906e+03 
       4.747964282379e-02       1.205697031469e+03 
       4.780882187505e-02       1.114963169750e+03 
       4.814768882425e-02       1.026126472060e+03 
       4.849698329841e-02       9.393599238077e+02 
       4.885752710771e-02       8.548213692403e+02 
       4.923023635317e-02       7.726712090148e+02 
       4.961613575136e-02       6.929876637508e+02 
       5.001637565841e-02       6.160575765043e+02 
       5.043225239544e-02       5.420277078026e+02 
       5.086523262998e-02       4.711604585052e+02 
       5.131698276258e-02       4.037085734219e+02 
       5.178940451551e-02       3.399819671881e+02 
       5.228467823599e-02       2.802359556767e+02 
       5.280531582480e-02       2.249297388982e+02 
       5.335422570040e-02       1.744182134068e+02 
       5.393479282158e-02       1.291702280371e+02 
       5.455097751857e-02       8.974111585306e+01 
       5.520743769285e-02       5.665188726344e+01 
       5.590967973227e-02       3.052719875227e+01 
       5.666424399208e-02       1.202921163378e+01 
       5.747893033966e-02       1.846927424837e+00 
       5.836306687919e-02       6.390497610030e-01 
       5.932781827243e-02       8.986783416623e+00 
       6.038651484477e-02       2.726982899592e+01 
       6.155495275578e-02       5.547652552840e+01 
       6.285155837722e-02       9.292309044059e+01 
       6.429721573043e-02       1.378732906983e+02 
       6.591442692095e-02       1.870751384032e+02 
       6.772536504061e-02       2.353033466892e+02 
       6.974845190298e-02       2.754443727169e+02 
       7.199363781737e-02       2.993231596645e+02 
       7.445772995929e-02       2.998622650961e+02 
       7.712227928450e-02       2.740059516239e+02 
       7.995611717972e-02       2.250115272446e+02 
       8.292194072178e-02       1.622802847531e+02 
       8.598362996609e-02       9.851856454067e+01 
       8.911109975604e-02       4.574324989807e+01 
       9.228184897169e-02       1.203419596190e+01 
       9.548025705631e-02       6.172648916700e-02 
       9.869600568966e-02       7.395681674105e+00 
       1.019224944495e-01       2.800703628234e+01 
       1.051555859662e-01       5.427088925588e+01 
       1.083927192533e-01       7.886938917511e+01 
       1.116323212577e-01       9.623389476651e+01 
       1.148734302181e-01       1.033094612929e+02 
       1.181154596976e-01       9.967440913707e+01 
       1.213580526293e-01       8.710156636653e+01 
       1.246009917293e-01       6.877134354689e+01 
       1.278441447621e-01       4.841122063017e+01 
       1.310874311924e-01       2.944489723688e+01 
       1.343308019012e-01       1.441685484666e+01 
       1.375742268593e-01       4.678570655000e+00 
       1.408176876415e-01       3.698755842152e-01 
       1.440611728803e-01       6.350782951175e-01 
       1.473046755061e-01       3.985290976120e+00 
       1.505481910708e-01       8.705458475693e+00 
       1.537917167296e-01       1.322413220820e+01 
       1.570352506218e-01       1.637764102216e+01 
       1.602787914944e-01       1.755488908331e+01 
       1.635223384726e-01       1.668797139757e+01 
       1.667658909192e-01       1.416233570372e+01 
       1.700094483497e-01       1.064830169035e+01 
       1.732530103789e-01       6.905513945366e+00 
       1.764965766884e-01       3.620991671365e+00 
       1.797401470065e-01       1.285720815877e+00 
       1.829837210949e-01       1.321592107546e-01 
       1.862272987410e-01       1.362062482059e-01 
       1.894708797519e-01       1.066223217485e+00 
       1.927144639511e-01       2.564574431220e+00 
       1.959580511759e-01       4.228113372021e+00 
       1.992016412752e-01       5.689919915118e+00 
       2.024452341087e-01       6.681647302716e+00 
       2.056888295453e-01       7.066324801359e+00 
       2.089324274625e-01       6.838962369137e+00 
       2.121760277452e-01       6.099553334478e+00 
       2.154196302858e-01       5.014378804687e+00 
       2.186632349829e-01       3.775224886073e+00 
       2.219068417411e-01       2.562376084707e+00 
       2.251504504708e-01       1.519533211484e+00 
       2.283940610873e-01       7.367415399289e-01 
       2.316376735108e-01       2.462059095365e-01 
       2.348812876660e-01       2.633219926942e-02 
       2.381249034815e-01       1.699292879177e-02 
       2.413685208900e-01       1.386672484483e-01 
       2.446121398277e-01       3.116181069542e-01 
       2.478557602341e-01       4.703883023212e-01 
       2.510993820521e-01       5.718084186294e-01 
       2.543430052272e-01       5.967246435534e-01 
       2.575866297078e-01       5.474247788359e-01 
       2.608302554450e-01       4.423078527086e-01 
       2.640738823922e-01       3.090363617550e-01 
       2.673175105050e-01       1.775809599615e-01 
       2.705611397413e-01       7.337866487609e-02 
       2.738047700609e-01       1.292487745900e-02 
       2.770484014255e-01       1.737593562866e-03 
       2.802920337987e-01       3.534285289495e-02 
       2.835356671457e-01       1.020954439415e-01 
       2.867793014331e-01       1.866578772825e-01 
       2.900229366294e-01       2.731497427149e-01 
       2.932665727041e-01       3.476463983835e-01 
       2.965102096283e-01       3.998524031549e-01 
       2.997538473742e-01       4.240230171335e-01 
       3.029974859154e-01       4.194020856360e-01 
       3.062411252264e-01       3.896823229252e-01 
       3.094847652829e-01       3.415483577499e-01 
       3.127284060616e-01       2.830335635295e-01 
       3.159720475401e-01       2.217984872992e-01 
       3.192156896969e-01       1.640305664348e-01 
       3.224593325116e-01       1.139032980298e-01 
       3.257029759643e-01       7.362844175527e-02 
       3.289466200362e-01       4.370178164632e-02 
       3.321902647088e-01       2.334066163953e-02 
       3.354339099649e-01       1.089966923201e-02 
       3.386775557874e-01       4.242472688565e-03 
       3.419212021603e-01       1.281405228539e-03 
       3.451648490679e-01       2.686740391368e-04 
       3.484084964952e-01       4.071179861972e-05 
       3.516521444277e-01       2.255499347702e-05 
       3.548957928517e-01       1.056143930162e-04 
       3.581394417535e-01       4.694938740012e-04 
       3.613830911204e-01       1.418939604970e-03 
       3.646267409399e-01       3.256764484594e-03 
       3.678703911999e-01       6.180452634031e-03 
       3.711140418888e-01       1.020887785067e-02 
       3.743576929954e-01       1.513918110840e-02 
       3.776013445089e-01       2.058090924756e-02 
       3.808449964190e-01       2.603984174117e-02 
       3.840886487154e-01       3.104318733908e-02 
       3.873323013885e-01       3.521365262944e-02 
       3.905759544287e-01       3.832908957397e-02 
       3.938196078271e-01       4.026864403300e-02 
       3.970632615748e-01       4.100979056765e-02 
       4.003069156633e-01       4.059191773966e-02 
       4.035505700843e-01       3.912264318945e-02 
       4.067942248298e-01       3.678969161141e-02 
       4.100378798922e-01       3.385758501053e-02 
       4.132815352638e-01       3.061943381750e-02 
       4.165251909375e-01       2.734710161732e-02 
       4.197688469062e-01       2.424693544598e-02 
       4.230125031632e-01       2.143919164680e-02 
       4.262561597018e-01       1.896602591094e-02 
       4.294998165156e-01       1.683244834513e-02 
       4.327434735984e-01       1.502639096199e-02 
       4.359871309441e-01       1.354467966009e-02 
       4.392307885470e-01       1.238148155468e-02 
       4.424744464013e-01       1.153316795207e-02 
       4.457181045016e-01       1.097482711506e-02 
       4.489617628425e-01       1.066750430525e-02 
       4.522054214187e-01       1.055677125193e-02 
       4.554490802253e-01       1.058581708256e-02 
       4.586927392574e-01       1.070614954374e-02 
       4.619363985101e-01       1.088959734276e-02 
       4.651800579789e-01       1.111796896950e-02 
       4.684237176592e-01       1.138775642518e-02 
       4.716673775467e-01       1.168975516457e-02 
       4.749110376371e-01       1.199962116266e-02 
       4.781546979262e-01       1.227918561296e-02 
       4.813983584101e-01       1.249194085536e-02 
       4.846420190848e-01       1.261209369740e-02 
       4.878856799464e-01       1.263582678134e-02 
       4.911293409914e-01       1.257870152847e-02 
       4.943730022160e-01       1.246577685955e-02 
       4.976166636167e-01       1.231584984637e-02 
       5.008603251901e-01       1.213457326139e-02 
       5.041039869329e-01       1.191746151735e-02 
       5.073476488417e-01       1.165488823630e-02 
       5.105913109135e-01       1.134704438083e-02 
       5.138349731451e-01       1.100777587131e-02 
       5.170786355335e-01       1.066151246934e-02 
       5.203222980757e-01       1.033235509991e-02 
       5.235659607690e-01       1.003648734041e-02 
       5.268096236104e-01       9.774563801656e-03 
       5.300532865973e-01       9.536940245031e-03 
       5.332969497270e-01       9.309886848395e-03 
       5.365406129970e-01       9.085710493402e-03 
       5.397842764046e-01       8.867946680273e-03 
       5.430279399474e-01       8.667290868996e-03 
       5.462716036229e-01       8.495408219878e-03 
       5.495152674289e-01       8.357374067548e-03 
       5.527589313631e-01       8.247924203771e-03 
       5.560025954231e-01       8.153702145325e-03 
       5.592462596067e-01       8.059512089848e-03 
       5.624899239119e-01       7.956760576125e-03 
       5.657335883366e-01       7.846445113534e-03 
       5.689772528786e-01       7.737381381700e-03 
       5.722209175360e-01       7.638489184091e-03 
       5.754645823068e-01       7.554786003808e-03 
       5.787082471891e-01       7.482338526310e-03 
       5.819519121811e-01       7.410793397737e-03 
       5.851955772809e-01       7.328786782916e-03 
       5.884392424868e-01       7.231411053056e-03 
       5.916829077969e-01       7.121920957597e-03 
       5.949265732095e-01       7.009409451166e-03 
       5.981702387231e-01       6.903887148697e-03 
       6.014139043360e-01       6.809714358670e-03 
       6.046575700464e-01       6.724946901512e-03 
       6.079012358530e-01       6.640906258555e-03 
       6.111449017542e-01       6.549924445614e-03 
       6.143885677484e-01       6.447994812120e-03 
       6.176322338341e-01       6.338614442012e-03 
       6.208759000101e-01       6.230403726944e-03 
       6.241195662747e-01       6.131013679967e-03 
       6.273632326267e-01       6.044801361580e-03 
       6.306068990648e-01       5.967818183458e-03 
       6.338505655875e-01       5.893611550228e-03 
       6.370942321935e-01       5.814551344649e-03 
       6.403378988817e-01       5.727808193856e-03 
       6.435815656508e-01       5.636108331840e-03 
       6.468252324995e-01       5.546504026892e-03 
       6.500688994267e-01       5.465494710623e-03 
       6.533125664312e-01       5.395537469108e-03 
       6.565562335117e-01       5.333598096574e-03 
       6.597999006673e-01       5.273133769096e-03 
       6.630435678969e-01       5.208016576563e-03 
       6.662872351992e-01       5.135706067887e-03 
       6.695309025733e-01       5.059032409273e-03 
       6.727745700181e-01       4.984210007002e-03 
       6.760182375326e-01       4.916480250385e-03 
       6.792619051158e-01       4.857821255494e-03 
       6.825055727668e-01       4.805522563119e-03 
       6.857492404845e-01       4.753706578324e-03 
       6.889929082680e-01       4.697467169091e-03 
       6.922365761163e-01       4.634797710286e-03 
       6.954802440287e-01       4.568473050209e-03 
       6.987239120041e-01       4.503878923673e-03 
       7.019675800418e-01       4.445604051053e-03 
       7.052112481408e-01       4.395129089933e-03 
       7.084549163003e-01       4.349929535095e-03 
       7.116985845194e-01       4.304800832234e-03 
       7.149422527974e-01       4.255580220380e-03 
       7.181859211335e-01       4.200603278874e-03 
       7.214295895268e-01       4.142942003394e-03 
       7.246732579767e-01       4.087030242544e-03 
       7.279169264823e-01       4.037021521148e-03 
       7.311605950429e-01       3.993610753984e-03 
       7.344042636577e-01       3.954578553375e-03 
       7.376479323261e-01       3.915294958742e-03 
       7.408916010474e-01       3.872086085208e-03 
       7.441352698208e-01       3.824221451095e-03 
       7.473789386457e-01       3.774141587339e-03 
       7.506226075214e-01       3.725636907943e-03 
       7.538662764472e-01       3.682314896615e-03 
       7.571099454226e-01       3.645010193265e-03 
       7.603536144468e-01       3.611165501235e-03 
       7.796303683800e-01       3.374428599800e-03 
       7.991951808535e-01       3.169931611061e-03 
       8.190622189738e-01       2.981735181949e-03 
       8.392471025203e-01       2.795504937378e-03 
       8.597666824943e-01       2.616111608971e-03 
       8.806388166909e-01       2.452169337318e-03 
       9.018821498249e-01       2.303339298031e-03 
       9.235159045894e-01       2.164180993268e-03 
       9.455596888259e-01       2.031618549720e-03 
       9.680333228047e-01       1.906108053910e-03 
       9.909566894861e-01       1.789095711196e-03 
       1.014349609574e+00       1.681019655731e-03 
       1.038231742194e+00       1.581036834526e-03 
       1.062622511120e+00       1.487816476200e-03 
       1.087541055696e+00       1.400188334234e-03 
       1.113006204862e+00       1.317028669112e-03 
       1.139036472139e+00       1.238122244409e-03 
       1.165650068971e+00       1.163582739709e-03 
       1.192864933485e+00       1.093587100665e-03 
       1.220698771599e+00       1.028487420490e-03 
       1.249169107358e+00       9.680180807098e-04 
       1.278293339521e+00       9.115278303889e-04 
       1.308088801631e+00       8.578016005315e-04 
       1.338572823148e+00       8.061884157859e-04 
       1.369762789612e+00       7.574568072993e-04 
       1.401676200240e+00       7.129543584119e-04 
       1.434330721790e+00       6.712077148177e-04 
       1.467744237947e+00       6.301994481577e-04 
       1.501934893845e+00       5.923505411539e-04 
       1.536921135683e+00       5.584059603611e-04 
       1.572721745598e+00       5.244808988967e-04 
       1.609355872190e+00       4.939025495452e-04 
       1.646843057166e+00       4.644422698460e-04 
       1.685203258672e+00       4.367154512318e-04 
       1.724456871852e+00       4.107181431721e-04 
       1.764624747202e+00       3.865539563517e-04 
       1.805728207199e+00       3.632536192708e-04 
       1.847789061645e+00       3.423129589229e-04 
       1.890829622109e+00       3.217074588392e-04 
       1.934872715754e+00       3.023692645079e-04 
       1.979941698802e+00       2.847170103845e-04 
       2.026060469840e+00       2.679866612207e-04 
       2.073253483080e+00       2.519914090448e-04 
       2.121545761715e+00       2.368914006607e-04 
       2.170962911424e+00       2.227223078382e-04 
       2.221531134100e+00       2.094613922236e-04 
       2.273277241828e+00       1.970159221713e-04 
       2.326228671158e+00       1.853490799011e-04 
       2.380413497679e+00       1.744106499823e-04 
       2.435860450925e+00       1.641425444681e-04 
       2.492598929614e+00       1.543870261450e-04 
       2.550659017244e+00       1.451087598214e-04 
       2.610071498046e+00       1.365307823563e-04 
       2.670867873303e+00       1.285029213058e-04 
       2.733080378059e+00       1.207076800809e-04 
       2.796741998208e+00       1.136182536693e-04 
       2.861886487983e+00       1.067075767807e-04 
       2.928548387856e+00       1.004264967590e-04 
       2.996763042848e+00       9.437138978385e-05 
       3.066566621273e+00       8.870185730101e-05 
       3.137996133910e+00       8.345806168826e-05 
       3.211089453635e+00       7.851292913284e-05 
       3.285885335491e+00       7.383287038888e-05 
       3.362423437246e+00       6.942520259376e-05 
       3.440744340414e+00       6.528128772292e-05 
       3.520889571776e+00       6.137301026457e-05 
       3.602901625392e+00       5.767301496374e-05 
       3.686823985141e+00       5.420199923386e-05 
       3.772701147767e+00       5.098153626125e-05 
       3.860578646480e+00       4.789327464326e-05 
       3.950503075092e+00       4.501901406384e-05 
       4.042522112725e+00       4.228784609529e-05 
       4.136684549091e+00       3.976341167938e-05 
       4.233040310361e+00       3.736171365847e-05 
       4.331640485634e+00       3.510574521624e-05 
       4.432537354029e+00       3.298896334055e-05 
       4.535784412401e+00       3.099811634724e-05 
       4.641436403706e+00       2.912618064907e-05 
       4.749549346029e+00       2.736975415886e-05 
       4.860180562283e+00       2.570395779093e-05 
       4.973388710604e+00       2.413070606510e-05 
       5.089233815449e+00       2.267192983999e-05 
